1.272000000000000000e+03 1.306500000000000057e+02
1.408000000000000000e+03 2.448499999999999943e+02
1.360000000000000000e+03 2.704499999999999886e+02
1.424000000000000000e+03 2.751500000000000341e+02
1.552000000000000000e+03 3.285500000000000114e+02
1.312000000000000000e+03 3.681000000000000227e+02
1.216000000000000000e+03 3.954000000000000341e+02
1.592000000000000000e+03 4.049000000000000341e+02
1.504000000000000000e+03 4.536500000000000341e+02
1.448000000000000000e+03 4.986999999999999886e+02
1.376000000000000000e+03 5.185499999999999545e+02
1.584000000000000000e+03 5.352999999999999545e+02
1.600000000000000000e+03 5.884500000000000455e+02
1.280000000000000000e+03 6.005500000000000682e+02
1.304000000000000000e+03 6.558000000000000682e+02
1.472000000000000000e+03 7.927500000000000000e+02
1.432000000000000000e+03 8.861000000000000227e+02
1.600000000000000000e+03 1.039400000000000091e+03
1.280000000000000000e+03 1.078049999999999955e+03
1.488000000000000000e+03 1.080200000000000045e+03
1.312000000000000000e+03 1.127100000000000136e+03
1.288000000000000000e+03 1.129799999999999955e+03
1.552000000000000000e+03 1.167799999999999955e+03
1.232000000000000000e+03 1.228600000000000136e+03
1.344000000000000000e+03 1.301100000000000136e+03
1.304000000000000000e+03 1.346049999999999955e+03
1.464000000000000000e+03 1.385299999999999955e+03
1.288000000000000000e+03 1.409500000000000000e+03
1.456000000000000000e+03 1.415000000000000000e+03
1.576000000000000000e+03 1.478600000000000136e+03
1.280000000000000000e+03 1.544700000000000045e+03
1.576000000000000000e+03 1.586900000000000091e+03
1.376000000000000000e+03 1.660250000000000000e+03
1.280000000000000000e+03 1.693650000000000091e+03
1.456000000000000000e+03 1.738200000000000045e+03
1.440000000000000000e+03 1.775700000000000045e+03
1.584000000000000000e+03 1.803950000000000045e+03
1.424000000000000000e+03 1.831950000000000045e+03
1.440000000000000000e+03 1.898299999999999955e+03
1.568000000000000000e+03 1.993650000000000091e+03
1.400000000000000000e+03 2.020150000000000091e+03
1.336000000000000000e+03 2.110650000000000091e+03
1.344000000000000000e+03 2.117650000000000091e+03
1.544000000000000000e+03 2.127750000000000000e+03
1.504000000000000000e+03 2.200700000000000273e+03
1.480000000000000000e+03 2.346550000000000182e+03
1.352000000000000000e+03 2.351200000000000273e+03
1.216000000000000000e+03 2.423599999999999909e+03
1.440000000000000000e+03 2.463599999999999909e+03
1.568000000000000000e+03 2.464000000000000000e+03
1.592000000000000000e+03 2.504550000000000182e+03
1.304000000000000000e+03 2.590750000000000000e+03
1.208000000000000000e+03 2.593300000000000182e+03
1.480000000000000000e+03 2.600450000000000273e+03
1.360000000000000000e+03 2.601650000000000091e+03
1.544000000000000000e+03 2.670550000000000182e+03
1.584000000000000000e+03 2.750750000000000000e+03
1.384000000000000000e+03 2.807950000000000273e+03
1.320000000000000000e+03 2.817900000000000091e+03
1.264000000000000000e+03 2.830050000000000182e+03
1.408000000000000000e+03 2.846250000000000000e+03
1.512000000000000000e+03 2.880849999999999909e+03
1.600000000000000000e+03 2.899450000000000273e+03
1.208000000000000000e+03 2.904150000000000091e+03
1.408000000000000000e+03 2.904900000000000091e+03
1.592000000000000000e+03 2.990550000000000182e+03
1.592000000000000000e+03 6.112699999999999818e+03
1.392000000000000000e+03 6.170250000000000000e+03
1.456000000000000000e+03 6.248449999999999818e+03
1.520000000000000000e+03 6.254000000000000000e+03
1.576000000000000000e+03 6.309350000000000364e+03
1.344000000000000000e+03 6.327500000000000000e+03
1.248000000000000000e+03 6.373050000000000182e+03
1.240000000000000000e+03 6.385550000000000182e+03
1.592000000000000000e+03 6.392000000000000000e+03
1.496000000000000000e+03 6.396050000000000182e+03
1.520000000000000000e+03 6.412750000000000000e+03
1.336000000000000000e+03 6.446000000000000000e+03
1.432000000000000000e+03 6.493750000000000000e+03
1.312000000000000000e+03 6.501900000000000546e+03
1.448000000000000000e+03 6.502600000000000364e+03
1.264000000000000000e+03 6.519800000000000182e+03
1.584000000000000000e+03 6.527900000000000546e+03
1.216000000000000000e+03 6.709850000000000364e+03
1.552000000000000000e+03 6.742300000000000182e+03
1.352000000000000000e+03 6.817100000000000364e+03
1.232000000000000000e+03 6.837050000000000182e+03
1.216000000000000000e+03 6.839150000000000546e+03
1.568000000000000000e+03 6.946400000000000546e+03
1.480000000000000000e+03 1.004860000000000036e+04
1.600000000000000000e+03 1.009485000000000036e+04
1.592000000000000000e+03 1.015105000000000109e+04
1.264000000000000000e+03 1.032625000000000000e+04
1.344000000000000000e+03 1.046410000000000036e+04
1.504000000000000000e+03 1.049350000000000000e+04
1.528000000000000000e+03 1.051530000000000109e+04
1.568000000000000000e+03 1.053425000000000000e+04
1.440000000000000000e+03 1.056514999999999964e+04
1.320000000000000000e+03 1.057855000000000109e+04
1.488000000000000000e+03 1.058914999999999964e+04
1.264000000000000000e+03 1.060095000000000073e+04
1.416000000000000000e+03 1.061460000000000036e+04
1.344000000000000000e+03 1.072780000000000109e+04
1.416000000000000000e+03 1.074105000000000109e+04
1.360000000000000000e+03 1.076739999999999964e+04
1.424000000000000000e+03 1.078505000000000109e+04
1.392000000000000000e+03 1.081825000000000000e+04
1.544000000000000000e+03 1.086920000000000073e+04
1.584000000000000000e+03 1.091625000000000000e+04
1.520000000000000000e+03 1.092835000000000036e+04
1.480000000000000000e+03 1.093585000000000036e+04
1.376000000000000000e+03 1.093605000000000109e+04
1.576000000000000000e+03 1.100435000000000036e+04
1.560000000000000000e+03 1.404780000000000109e+04
1.480000000000000000e+03 1.406895000000000073e+04
1.312000000000000000e+03 1.407020000000000073e+04
1.600000000000000000e+03 1.412080000000000109e+04
1.288000000000000000e+03 1.417530000000000109e+04
1.256000000000000000e+03 1.418450000000000000e+04
1.280000000000000000e+03 1.421539999999999964e+04
1.464000000000000000e+03 1.423135000000000036e+04
1.472000000000000000e+03 1.434614999999999964e+04
1.224000000000000000e+03 1.435360000000000036e+04
1.280000000000000000e+03 1.450695000000000073e+04
1.272000000000000000e+03 1.451789999999999964e+04
1.464000000000000000e+03 1.457089999999999964e+04
1.488000000000000000e+03 1.461039999999999964e+04
1.208000000000000000e+03 1.468539999999999964e+04
1.440000000000000000e+03 1.471510000000000036e+04
1.248000000000000000e+03 1.472035000000000036e+04
1.248000000000000000e+03 1.477550000000000000e+04
1.408000000000000000e+03 1.482295000000000073e+04
1.288000000000000000e+03 1.485345000000000073e+04
1.464000000000000000e+03 1.492130000000000109e+04
1.512000000000000000e+03 1.493620000000000073e+04
1.272000000000000000e+03 1.494220000000000073e+04
1.304000000000000000e+03 1.495435000000000036e+04
1.225000000000000000e+03 1.400500000000000114e+02
1.233000000000000000e+03 1.617000000000000171e+02
1.489000000000000000e+03 1.693499999999999943e+02
1.465000000000000000e+03 2.144500000000000171e+02
1.409000000000000000e+03 3.135500000000000114e+02
1.505000000000000000e+03 3.328000000000000114e+02
1.385000000000000000e+03 4.581500000000000341e+02
1.297000000000000000e+03 5.730000000000000000e+02
1.409000000000000000e+03 6.307000000000000455e+02
1.417000000000000000e+03 7.040000000000000000e+02
1.513000000000000000e+03 7.177500000000000000e+02
1.473000000000000000e+03 7.415500000000000682e+02
1.393000000000000000e+03 7.557500000000000000e+02
1.217000000000000000e+03 8.065500000000000682e+02
1.601000000000000000e+03 9.044500000000000455e+02
1.449000000000000000e+03 1.103200000000000045e+03
1.601000000000000000e+03 1.156150000000000091e+03
1.585000000000000000e+03 1.157250000000000000e+03
1.537000000000000000e+03 1.202650000000000091e+03
1.265000000000000000e+03 1.266750000000000000e+03
1.225000000000000000e+03 1.285049999999999955e+03
1.521000000000000000e+03 1.327950000000000045e+03
1.441000000000000000e+03 1.336600000000000136e+03
1.305000000000000000e+03 1.357950000000000045e+03
1.249000000000000000e+03 1.387100000000000136e+03
1.401000000000000000e+03 1.439549999999999955e+03
1.449000000000000000e+03 1.512450000000000045e+03
1.361000000000000000e+03 1.514250000000000000e+03
1.321000000000000000e+03 1.540500000000000000e+03
1.409000000000000000e+03 1.805799999999999955e+03
1.529000000000000000e+03 1.814400000000000091e+03
1.273000000000000000e+03 1.826549999999999955e+03
1.249000000000000000e+03 1.919250000000000000e+03
1.537000000000000000e+03 1.983500000000000000e+03
1.377000000000000000e+03 2.030000000000000000e+03
1.337000000000000000e+03 2.149550000000000182e+03
1.529000000000000000e+03 2.248300000000000182e+03
1.401000000000000000e+03 2.280599999999999909e+03
1.513000000000000000e+03 2.413599999999999909e+03
1.441000000000000000e+03 2.463950000000000273e+03
1.593000000000000000e+03 2.540500000000000000e+03
1.233000000000000000e+03 2.542300000000000182e+03
1.425000000000000000e+03 2.588750000000000000e+03
1.601000000000000000e+03 2.610150000000000091e+03
1.273000000000000000e+03 2.777000000000000000e+03
1.225000000000000000e+03 2.852150000000000091e+03
1.385000000000000000e+03 2.895099999999999909e+03
1.417000000000000000e+03 3.001800000000000182e+03
1.361000000000000000e+03 6.042250000000000000e+03
1.385000000000000000e+03 6.061199999999999818e+03
1.409000000000000000e+03 6.084400000000000546e+03
1.241000000000000000e+03 6.099600000000000364e+03
1.505000000000000000e+03 6.224949999999999818e+03
1.569000000000000000e+03 6.244949999999999818e+03
1.457000000000000000e+03 6.307050000000000182e+03
1.569000000000000000e+03 6.345199999999999818e+03
1.297000000000000000e+03 6.382449999999999818e+03
1.321000000000000000e+03 6.558750000000000000e+03
1.369000000000000000e+03 6.598449999999999818e+03
1.361000000000000000e+03 6.709199999999999818e+03
1.601000000000000000e+03 6.718750000000000000e+03
1.561000000000000000e+03 6.741100000000000364e+03
1.225000000000000000e+03 6.761150000000000546e+03
1.457000000000000000e+03 6.781550000000000182e+03
1.481000000000000000e+03 6.797949999999999818e+03
1.497000000000000000e+03 6.875000000000000000e+03
1.465000000000000000e+03 6.919300000000000182e+03
1.313000000000000000e+03 1.006000000000000000e+04
1.337000000000000000e+03 1.006450000000000000e+04
1.305000000000000000e+03 1.013170000000000073e+04
1.449000000000000000e+03 1.017139999999999964e+04
1.401000000000000000e+03 1.023470000000000073e+04
1.233000000000000000e+03 1.024285000000000036e+04
1.345000000000000000e+03 1.024464999999999964e+04
1.497000000000000000e+03 1.026039999999999964e+04
1.209000000000000000e+03 1.026095000000000073e+04
1.593000000000000000e+03 1.028950000000000000e+04
1.409000000000000000e+03 1.031320000000000073e+04
1.313000000000000000e+03 1.032720000000000073e+04
1.465000000000000000e+03 1.033939999999999964e+04
1.217000000000000000e+03 1.038014999999999964e+04
1.353000000000000000e+03 1.038850000000000000e+04
1.433000000000000000e+03 1.045150000000000000e+04
1.577000000000000000e+03 1.053355000000000109e+04
1.561000000000000000e+03 1.055410000000000036e+04
1.345000000000000000e+03 1.057820000000000073e+04
1.241000000000000000e+03 1.060970000000000073e+04
1.417000000000000000e+03 1.062855000000000109e+04
1.385000000000000000e+03 1.070220000000000073e+04
1.537000000000000000e+03 1.079810000000000036e+04
1.433000000000000000e+03 1.086830000000000109e+04
1.225000000000000000e+03 1.091430000000000109e+04
1.241000000000000000e+03 1.095025000000000000e+04
1.209000000000000000e+03 1.101625000000000000e+04
1.529000000000000000e+03 1.404480000000000109e+04
1.361000000000000000e+03 1.410635000000000036e+04
1.209000000000000000e+03 1.413460000000000036e+04
1.577000000000000000e+03 1.415435000000000036e+04
1.321000000000000000e+03 1.415475000000000000e+04
1.417000000000000000e+03 1.433805000000000109e+04
1.289000000000000000e+03 1.435305000000000109e+04
1.433000000000000000e+03 1.435695000000000073e+04
1.521000000000000000e+03 1.439560000000000036e+04
1.313000000000000000e+03 1.445639999999999964e+04
1.585000000000000000e+03 1.447585000000000036e+04
1.537000000000000000e+03 1.452095000000000073e+04
1.393000000000000000e+03 1.453550000000000000e+04
1.449000000000000000e+03 1.454905000000000109e+04
1.249000000000000000e+03 1.466585000000000036e+04
1.225000000000000000e+03 1.466975000000000000e+04
1.369000000000000000e+03 1.481995000000000073e+04
1.513000000000000000e+03 1.484370000000000073e+04
1.377000000000000000e+03 1.486389999999999964e+04
1.585000000000000000e+03 1.493645000000000073e+04
1.449000000000000000e+03 1.494400000000000000e+04
1.546000000000000000e+03 2.079000000000000057e+02
1.346000000000000000e+03 2.169000000000000057e+02
1.482000000000000000e+03 2.228000000000000114e+02
1.298000000000000000e+03 2.339500000000000171e+02
1.530000000000000000e+03 2.440999999999999943e+02
1.458000000000000000e+03 2.581499999999999773e+02
1.330000000000000000e+03 2.752500000000000000e+02
1.290000000000000000e+03 2.916500000000000341e+02
1.322000000000000000e+03 3.225500000000000114e+02
1.218000000000000000e+03 3.273500000000000227e+02
1.290000000000000000e+03 3.453000000000000114e+02
1.562000000000000000e+03 4.769499999999999886e+02
1.418000000000000000e+03 4.779499999999999886e+02
1.266000000000000000e+03 5.085500000000000114e+02
1.474000000000000000e+03 5.498999999999999773e+02
1.530000000000000000e+03 5.931000000000000227e+02
1.258000000000000000e+03 6.016000000000000227e+02
1.282000000000000000e+03 6.299500000000000455e+02
1.498000000000000000e+03 6.327000000000000455e+02
1.362000000000000000e+03 6.427000000000000455e+02
1.506000000000000000e+03 6.495000000000000000e+02
1.226000000000000000e+03 6.852500000000000000e+02
1.266000000000000000e+03 6.890500000000000682e+02
1.418000000000000000e+03 7.337500000000000000e+02
1.282000000000000000e+03 7.371499999999999773e+02
1.250000000000000000e+03 8.080000000000000000e+02
1.570000000000000000e+03 8.187000000000000455e+02
1.362000000000000000e+03 8.291000000000000227e+02
1.394000000000000000e+03 8.852000000000000455e+02
1.474000000000000000e+03 9.508500000000000227e+02
1.522000000000000000e+03 1.032349999999999909e+03
1.386000000000000000e+03 1.057099999999999909e+03
1.498000000000000000e+03 1.100450000000000045e+03
1.298000000000000000e+03 1.167450000000000045e+03
1.546000000000000000e+03 1.168150000000000091e+03
1.226000000000000000e+03 1.259049999999999955e+03
1.434000000000000000e+03 1.276299999999999955e+03
1.490000000000000000e+03 1.355600000000000136e+03
1.346000000000000000e+03 1.395549999999999955e+03
1.426000000000000000e+03 1.453299999999999955e+03
1.378000000000000000e+03 1.476150000000000091e+03
1.554000000000000000e+03 1.529299999999999955e+03
1.282000000000000000e+03 1.543799999999999955e+03
1.482000000000000000e+03 1.585350000000000136e+03
1.290000000000000000e+03 1.586200000000000045e+03
1.586000000000000000e+03 1.628450000000000045e+03
1.242000000000000000e+03 1.629900000000000091e+03
1.538000000000000000e+03 1.665750000000000000e+03
1.458000000000000000e+03 1.819350000000000136e+03
1.522000000000000000e+03 1.894549999999999955e+03
1.298000000000000000e+03 1.924250000000000000e+03
1.362000000000000000e+03 2.007250000000000000e+03
1.258000000000000000e+03 2.036600000000000136e+03
1.506000000000000000e+03 2.037799999999999955e+03
1.498000000000000000e+03 2.064900000000000091e+03
1.546000000000000000e+03 2.210599999999999909e+03
1.210000000000000000e+03 2.230849999999999909e+03
1.506000000000000000e+03 2.243099999999999909e+03
1.226000000000000000e+03 2.336150000000000091e+03
1.530000000000000000e+03 2.422650000000000091e+03
1.314000000000000000e+03 2.438800000000000182e+03
1.346000000000000000e+03 2.506849999999999909e+03
1.202000000000000000e+03 2.515300000000000182e+03
1.210000000000000000e+03 2.522550000000000182e+03
1.506000000000000000e+03 2.545599999999999909e+03
1.538000000000000000e+03 2.548200000000000273e+03
1.450000000000000000e+03 2.568550000000000182e+03
1.378000000000000000e+03 2.569050000000000182e+03
1.290000000000000000e+03 2.757800000000000182e+03
1.218000000000000000e+03 2.818500000000000000e+03
1.338000000000000000e+03 2.846500000000000000e+03
1.250000000000000000e+03 2.849000000000000000e+03
1.530000000000000000e+03 2.862349999999999909e+03
1.378000000000000000e+03 2.881450000000000273e+03
1.282000000000000000e+03 2.977700000000000273e+03
1.514000000000000000e+03 6.053400000000000546e+03
1.330000000000000000e+03 6.176650000000000546e+03
1.226000000000000000e+03 6.217900000000000546e+03
1.210000000000000000e+03 6.281699999999999818e+03
1.586000000000000000e+03 6.331000000000000000e+03
1.530000000000000000e+03 6.378100000000000364e+03
1.586000000000000000e+03 6.423000000000000000e+03
1.282000000000000000e+03 6.437050000000000182e+03
1.578000000000000000e+03 6.439800000000000182e+03
1.418000000000000000e+03 6.499100000000000364e+03
1.250000000000000000e+03 6.586699999999999818e+03
1.362000000000000000e+03 6.739550000000000182e+03
1.546000000000000000e+03 6.745250000000000000e+03
1.482000000000000000e+03 6.759050000000000182e+03
1.434000000000000000e+03 6.779600000000000364e+03
1.338000000000000000e+03 6.784050000000000182e+03
1.234000000000000000e+03 6.791350000000000364e+03
1.490000000000000000e+03 6.804850000000000364e+03
1.290000000000000000e+03 6.894850000000000364e+03
1.554000000000000000e+03 6.953699999999999818e+03
1.290000000000000000e+03 6.989550000000000182e+03
1.314000000000000000e+03 1.005714999999999964e+04
1.210000000000000000e+03 1.006805000000000109e+04
1.218000000000000000e+03 1.010064999999999964e+04
1.274000000000000000e+03 1.010345000000000073e+04
1.226000000000000000e+03 1.011239999999999964e+04
1.466000000000000000e+03 1.021935000000000036e+04
1.426000000000000000e+03 1.031439999999999964e+04
1.322000000000000000e+03 1.035845000000000073e+04
1.490000000000000000e+03 1.036620000000000073e+04
1.298000000000000000e+03 1.046810000000000036e+04
1.450000000000000000e+03 1.051845000000000073e+04
1.362000000000000000e+03 1.051885000000000036e+04
1.306000000000000000e+03 1.063239999999999964e+04
1.506000000000000000e+03 1.065970000000000073e+04
1.202000000000000000e+03 1.068075000000000000e+04
1.354000000000000000e+03 1.077830000000000109e+04
1.522000000000000000e+03 1.083225000000000000e+04
1.218000000000000000e+03 1.089495000000000073e+04
1.426000000000000000e+03 1.093489999999999964e+04
1.362000000000000000e+03 1.094850000000000000e+04
1.274000000000000000e+03 1.097755000000000109e+04
1.554000000000000000e+03 1.098695000000000073e+04
1.514000000000000000e+03 1.405875000000000000e+04
1.426000000000000000e+03 1.409275000000000000e+04
1.418000000000000000e+03 1.412600000000000000e+04
1.282000000000000000e+03 1.417880000000000109e+04
1.394000000000000000e+03 1.424345000000000073e+04
1.426000000000000000e+03 1.428114999999999964e+04
1.218000000000000000e+03 1.433735000000000036e+04
1.434000000000000000e+03 1.438239999999999964e+04
1.554000000000000000e+03 1.450480000000000109e+04
1.482000000000000000e+03 1.455450000000000000e+04
1.370000000000000000e+03 1.465864999999999964e+04
1.458000000000000000e+03 1.486295000000000073e+04
1.378000000000000000e+03 1.488214999999999964e+04
1.426000000000000000e+03 1.490275000000000000e+04
1.594000000000000000e+03 1.492185000000000036e+04
1.243000000000000000e+03 1.202500000000000000e+02
1.427000000000000000e+03 1.256500000000000057e+02
1.379000000000000000e+03 1.715000000000000000e+02
1.571000000000000000e+03 2.133499999999999943e+02
1.403000000000000000e+03 2.183499999999999943e+02
1.475000000000000000e+03 2.345500000000000114e+02
1.243000000000000000e+03 3.442500000000000000e+02
1.507000000000000000e+03 4.501999999999999886e+02
1.491000000000000000e+03 4.636500000000000341e+02
1.371000000000000000e+03 4.758500000000000227e+02
1.243000000000000000e+03 5.135499999999999545e+02
1.299000000000000000e+03 6.069500000000000455e+02
1.267000000000000000e+03 6.543000000000000682e+02
1.419000000000000000e+03 6.546499999999999773e+02
1.331000000000000000e+03 6.677500000000000000e+02
1.579000000000000000e+03 7.258000000000000682e+02
1.243000000000000000e+03 8.888000000000000682e+02
1.507000000000000000e+03 9.211000000000000227e+02
1.499000000000000000e+03 9.461000000000000227e+02
1.555000000000000000e+03 1.008550000000000068e+03
1.251000000000000000e+03 1.028450000000000045e+03
1.595000000000000000e+03 1.059599999999999909e+03
1.547000000000000000e+03 1.066799999999999955e+03
1.379000000000000000e+03 1.098549999999999955e+03
1.459000000000000000e+03 1.101150000000000091e+03
1.435000000000000000e+03 1.135000000000000000e+03
1.363000000000000000e+03 1.142650000000000091e+03
1.483000000000000000e+03 1.196500000000000000e+03
1.451000000000000000e+03 1.209500000000000000e+03
1.379000000000000000e+03 1.314000000000000000e+03
1.539000000000000000e+03 1.322150000000000091e+03
1.443000000000000000e+03 1.346299999999999955e+03
1.515000000000000000e+03 1.397350000000000136e+03
1.563000000000000000e+03 1.421000000000000000e+03
1.355000000000000000e+03 1.461150000000000091e+03
1.291000000000000000e+03 1.467150000000000091e+03
1.283000000000000000e+03 1.467350000000000136e+03
1.331000000000000000e+03 1.475750000000000000e+03
1.467000000000000000e+03 1.567299999999999955e+03
1.539000000000000000e+03 1.587900000000000091e+03
1.555000000000000000e+03 1.654000000000000000e+03
1.483000000000000000e+03 1.670200000000000045e+03
1.307000000000000000e+03 1.749450000000000045e+03
1.275000000000000000e+03 1.808600000000000136e+03
1.387000000000000000e+03 1.816299999999999955e+03
1.595000000000000000e+03 1.880500000000000000e+03
1.363000000000000000e+03 1.955500000000000000e+03
1.275000000000000000e+03 2.001350000000000136e+03
1.563000000000000000e+03 2.027700000000000045e+03
1.315000000000000000e+03 2.051300000000000182e+03
1.307000000000000000e+03 2.123650000000000091e+03
1.547000000000000000e+03 2.139099999999999909e+03
1.475000000000000000e+03 2.150349999999999909e+03
1.235000000000000000e+03 2.193200000000000273e+03
1.371000000000000000e+03 2.204800000000000182e+03
1.411000000000000000e+03 2.213700000000000273e+03
1.467000000000000000e+03 2.229400000000000091e+03
1.211000000000000000e+03 2.310849999999999909e+03
1.523000000000000000e+03 2.343550000000000182e+03
1.523000000000000000e+03 2.475500000000000000e+03
1.259000000000000000e+03 2.514849999999999909e+03
1.475000000000000000e+03 2.618650000000000091e+03
1.307000000000000000e+03 2.636349999999999909e+03
1.251000000000000000e+03 2.680950000000000273e+03
1.459000000000000000e+03 2.715150000000000091e+03
1.395000000000000000e+03 2.820599999999999909e+03
1.283000000000000000e+03 2.922950000000000273e+03
1.211000000000000000e+03 6.076699999999999818e+03
1.499000000000000000e+03 6.078600000000000364e+03
1.371000000000000000e+03 6.162850000000000364e+03
1.291000000000000000e+03 6.177449999999999818e+03
1.451000000000000000e+03 6.455699999999999818e+03
1.315000000000000000e+03 6.469550000000000182e+03
1.347000000000000000e+03 6.509600000000000364e+03
1.235000000000000000e+03 6.540949999999999818e+03
1.419000000000000000e+03 6.568850000000000364e+03
1.347000000000000000e+03 6.651800000000000182e+03
1.411000000000000000e+03 6.728250000000000000e+03
1.507000000000000000e+03 6.751449999999999818e+03
1.587000000000000000e+03 6.848699999999999818e+03
1.531000000000000000e+03 6.848949999999999818e+03
1.483000000000000000e+03 6.867300000000000182e+03
1.419000000000000000e+03 1.007689999999999964e+04
1.275000000000000000e+03 1.025089999999999964e+04
1.203000000000000000e+03 1.026139999999999964e+04
1.459000000000000000e+03 1.032970000000000073e+04
1.499000000000000000e+03 1.050330000000000109e+04
1.371000000000000000e+03 1.052270000000000073e+04
1.203000000000000000e+03 1.054005000000000109e+04
1.411000000000000000e+03 1.058500000000000000e+04
1.595000000000000000e+03 1.072700000000000000e+04
1.419000000000000000e+03 1.080420000000000073e+04
1.427000000000000000e+03 1.081995000000000073e+04
1.507000000000000000e+03 1.086955000000000109e+04
1.459000000000000000e+03 1.095064999999999964e+04
1.291000000000000000e+03 1.096425000000000000e+04
1.579000000000000000e+03 1.096625000000000000e+04
1.243000000000000000e+03 1.098160000000000036e+04
1.571000000000000000e+03 1.406939999999999964e+04
1.539000000000000000e+03 1.418364999999999964e+04
1.243000000000000000e+03 1.422420000000000073e+04
1.483000000000000000e+03 1.427560000000000036e+04
1.563000000000000000e+03 1.434685000000000036e+04
1.395000000000000000e+03 1.435385000000000036e+04
1.355000000000000000e+03 1.435810000000000036e+04
1.219000000000000000e+03 1.440395000000000073e+04
1.539000000000000000e+03 1.451075000000000000e+04
1.235000000000000000e+03 1.466064999999999964e+04
1.443000000000000000e+03 1.469455000000000109e+04
1.387000000000000000e+03 1.477689999999999964e+04
1.451000000000000000e+03 1.479489999999999964e+04
1.507000000000000000e+03 1.483164999999999964e+04
1.395000000000000000e+03 1.483189999999999964e+04
1.307000000000000000e+03 1.483739999999999964e+04
1.275000000000000000e+03 1.484680000000000109e+04
1.283000000000000000e+03 1.488135000000000036e+04
1.588000000000000000e+03 2.625500000000000114e+02
1.500000000000000000e+03 2.639499999999999886e+02
1.268000000000000000e+03 2.711000000000000227e+02
1.452000000000000000e+03 3.063500000000000227e+02
1.300000000000000000e+03 3.463500000000000227e+02
1.596000000000000000e+03 3.464000000000000341e+02
1.484000000000000000e+03 3.890000000000000000e+02
1.564000000000000000e+03 4.280000000000000000e+02
1.540000000000000000e+03 4.433000000000000114e+02
1.220000000000000000e+03 4.508500000000000227e+02
1.532000000000000000e+03 4.960000000000000000e+02
1.268000000000000000e+03 5.125000000000000000e+02
1.428000000000000000e+03 6.849500000000000455e+02
1.236000000000000000e+03 7.402500000000000000e+02
1.340000000000000000e+03 8.115000000000000000e+02
1.484000000000000000e+03 8.472500000000000000e+02
1.596000000000000000e+03 8.726000000000000227e+02
1.364000000000000000e+03 8.861000000000000227e+02
1.220000000000000000e+03 9.185000000000000000e+02
1.492000000000000000e+03 9.299500000000000455e+02
1.484000000000000000e+03 9.720500000000000682e+02
1.236000000000000000e+03 1.008300000000000068e+03
1.452000000000000000e+03 1.058700000000000045e+03
1.356000000000000000e+03 1.059700000000000045e+03
1.484000000000000000e+03 1.142100000000000136e+03
1.436000000000000000e+03 1.167549999999999955e+03
1.596000000000000000e+03 1.187750000000000000e+03
1.452000000000000000e+03 1.189000000000000000e+03
1.268000000000000000e+03 1.208000000000000000e+03
1.580000000000000000e+03 1.221100000000000136e+03
1.204000000000000000e+03 1.222600000000000136e+03
1.516000000000000000e+03 1.248700000000000045e+03
1.372000000000000000e+03 1.268150000000000091e+03
1.332000000000000000e+03 1.459250000000000000e+03
1.476000000000000000e+03 1.476500000000000000e+03
1.532000000000000000e+03 1.503400000000000091e+03
1.348000000000000000e+03 1.558049999999999955e+03
1.556000000000000000e+03 1.571150000000000091e+03
1.500000000000000000e+03 1.576549999999999955e+03
1.396000000000000000e+03 1.595200000000000045e+03
1.492000000000000000e+03 1.597100000000000136e+03
1.492000000000000000e+03 1.668049999999999955e+03
1.388000000000000000e+03 1.669250000000000000e+03
1.484000000000000000e+03 1.686400000000000091e+03
1.500000000000000000e+03 1.700100000000000136e+03
1.316000000000000000e+03 1.715250000000000000e+03
1.380000000000000000e+03 1.760150000000000091e+03
1.524000000000000000e+03 1.762000000000000000e+03
1.460000000000000000e+03 1.816000000000000000e+03
1.548000000000000000e+03 1.893650000000000091e+03
1.508000000000000000e+03 1.894600000000000136e+03
1.236000000000000000e+03 1.908700000000000045e+03
1.436000000000000000e+03 1.941850000000000136e+03
1.452000000000000000e+03 2.045400000000000091e+03
1.212000000000000000e+03 2.086550000000000182e+03
1.316000000000000000e+03 2.174449999999999818e+03
1.516000000000000000e+03 2.230250000000000000e+03
1.580000000000000000e+03 2.233400000000000091e+03
1.252000000000000000e+03 2.334000000000000000e+03
1.284000000000000000e+03 2.374050000000000182e+03
1.444000000000000000e+03 2.491599999999999909e+03
1.396000000000000000e+03 2.505000000000000000e+03
1.340000000000000000e+03 2.521050000000000182e+03
1.484000000000000000e+03 2.542150000000000091e+03
1.372000000000000000e+03 2.554900000000000091e+03
1.580000000000000000e+03 2.590450000000000273e+03
1.412000000000000000e+03 2.695349999999999909e+03
1.468000000000000000e+03 2.705000000000000000e+03
1.324000000000000000e+03 2.741750000000000000e+03
1.412000000000000000e+03 2.756800000000000182e+03
1.212000000000000000e+03 2.792099999999999909e+03
1.332000000000000000e+03 2.798950000000000273e+03
1.500000000000000000e+03 2.939099999999999909e+03
1.236000000000000000e+03 2.943599999999999909e+03
1.252000000000000000e+03 2.953050000000000182e+03
1.388000000000000000e+03 2.961250000000000000e+03
1.452000000000000000e+03 2.990050000000000182e+03
1.236000000000000000e+03 6.030600000000000364e+03
1.300000000000000000e+03 6.067300000000000182e+03
1.524000000000000000e+03 6.139300000000000182e+03
1.404000000000000000e+03 6.164300000000000182e+03
1.236000000000000000e+03 6.166900000000000546e+03
1.524000000000000000e+03 6.220150000000000546e+03
1.380000000000000000e+03 6.246250000000000000e+03
1.228000000000000000e+03 6.269350000000000364e+03
1.540000000000000000e+03 6.320500000000000000e+03
1.572000000000000000e+03 6.352100000000000364e+03
1.508000000000000000e+03 6.519800000000000182e+03
1.428000000000000000e+03 6.556550000000000182e+03
1.244000000000000000e+03 6.615850000000000364e+03
1.388000000000000000e+03 6.628400000000000546e+03
1.428000000000000000e+03 6.663550000000000182e+03
1.308000000000000000e+03 6.719100000000000364e+03
1.580000000000000000e+03 6.788750000000000000e+03
1.276000000000000000e+03 6.832400000000000546e+03
1.444000000000000000e+03 6.835100000000000364e+03
1.484000000000000000e+03 6.983000000000000000e+03
1.252000000000000000e+03 1.004335000000000036e+04
1.516000000000000000e+03 1.012185000000000036e+04
1.260000000000000000e+03 1.015060000000000036e+04
1.204000000000000000e+03 1.020989999999999964e+04
1.260000000000000000e+03 1.021405000000000109e+04
1.396000000000000000e+03 1.037085000000000036e+04
1.308000000000000000e+03 1.046189999999999964e+04
1.364000000000000000e+03 1.051210000000000036e+04
1.220000000000000000e+03 1.054950000000000000e+04
1.244000000000000000e+03 1.056800000000000000e+04
1.356000000000000000e+03 1.065739999999999964e+04
1.204000000000000000e+03 1.071235000000000036e+04
1.460000000000000000e+03 1.086850000000000000e+04
1.572000000000000000e+03 1.092364999999999964e+04
1.508000000000000000e+03 1.403410000000000036e+04
1.252000000000000000e+03 1.408480000000000109e+04
1.236000000000000000e+03 1.412060000000000036e+04
1.420000000000000000e+03 1.421445000000000073e+04
1.508000000000000000e+03 1.428700000000000000e+04
1.276000000000000000e+03 1.447485000000000036e+04
1.436000000000000000e+03 1.447664999999999964e+04
1.452000000000000000e+03 1.448035000000000036e+04
1.332000000000000000e+03 1.452705000000000109e+04
1.556000000000000000e+03 1.452980000000000109e+04
1.292000000000000000e+03 1.453635000000000036e+04
1.428000000000000000e+03 1.458700000000000000e+04
1.476000000000000000e+03 1.460335000000000036e+04
1.532000000000000000e+03 1.461220000000000073e+04
1.404000000000000000e+03 1.461225000000000000e+04
1.588000000000000000e+03 1.464225000000000000e+04
1.596000000000000000e+03 1.482339999999999964e+04
1.500000000000000000e+03 1.493500000000000000e+04
1.596000000000000000e+03 1.494820000000000073e+04
1.244000000000000000e+03 1.498314999999999964e+04
1.332000000000000000e+03 1.498870000000000073e+04
1.308000000000000000e+03 1.499820000000000073e+04
1.405000000000000000e+03 1.291500000000000057e+02
1.461000000000000000e+03 1.585500000000000114e+02
1.293000000000000000e+03 3.326999999999999886e+02
1.357000000000000000e+03 4.090500000000000114e+02
1.285000000000000000e+03 4.650500000000000114e+02
1.413000000000000000e+03 5.518999999999999773e+02
1.333000000000000000e+03 5.805000000000000000e+02
1.485000000000000000e+03 5.882500000000000000e+02
1.477000000000000000e+03 6.475000000000000000e+02
1.229000000000000000e+03 6.485000000000000000e+02
1.301000000000000000e+03 6.783000000000000682e+02
1.373000000000000000e+03 7.273000000000000682e+02
1.597000000000000000e+03 7.603500000000000227e+02
1.333000000000000000e+03 8.076000000000000227e+02
1.437000000000000000e+03 8.631499999999999773e+02
1.285000000000000000e+03 8.727000000000000455e+02
1.397000000000000000e+03 9.255000000000000000e+02
1.397000000000000000e+03 9.868999999999999773e+02
1.285000000000000000e+03 1.020550000000000068e+03
1.469000000000000000e+03 1.028400000000000091e+03
1.237000000000000000e+03 1.078650000000000091e+03
1.381000000000000000e+03 1.135549999999999955e+03
1.269000000000000000e+03 1.150350000000000136e+03
1.461000000000000000e+03 1.208850000000000136e+03
1.485000000000000000e+03 1.211500000000000000e+03
1.317000000000000000e+03 1.248200000000000045e+03
1.237000000000000000e+03 1.297450000000000045e+03
1.541000000000000000e+03 1.301450000000000045e+03
1.269000000000000000e+03 1.335400000000000091e+03
1.373000000000000000e+03 1.377600000000000136e+03
1.333000000000000000e+03 1.377850000000000136e+03
1.213000000000000000e+03 1.432400000000000091e+03
1.525000000000000000e+03 1.500950000000000045e+03
1.221000000000000000e+03 1.621150000000000091e+03
1.237000000000000000e+03 1.718450000000000045e+03
1.445000000000000000e+03 1.727600000000000136e+03
1.493000000000000000e+03 1.732650000000000091e+03
1.253000000000000000e+03 1.780150000000000091e+03
1.533000000000000000e+03 1.791299999999999955e+03
1.517000000000000000e+03 1.877450000000000045e+03
1.573000000000000000e+03 1.953950000000000045e+03
1.405000000000000000e+03 1.987600000000000136e+03
1.461000000000000000e+03 1.994049999999999955e+03
1.333000000000000000e+03 2.002049999999999955e+03
1.373000000000000000e+03 2.012250000000000000e+03
1.429000000000000000e+03 2.049550000000000182e+03
1.557000000000000000e+03 2.057199999999999818e+03
1.229000000000000000e+03 2.167199999999999818e+03
1.381000000000000000e+03 2.205400000000000091e+03
1.597000000000000000e+03 2.242950000000000273e+03
1.469000000000000000e+03 2.270800000000000182e+03
1.421000000000000000e+03 2.346950000000000273e+03
1.301000000000000000e+03 2.394550000000000182e+03
1.269000000000000000e+03 2.406050000000000182e+03
1.453000000000000000e+03 2.414300000000000182e+03
1.549000000000000000e+03 2.421400000000000091e+03
1.573000000000000000e+03 2.431050000000000182e+03
1.533000000000000000e+03 2.503000000000000000e+03
1.581000000000000000e+03 2.538349999999999909e+03
1.309000000000000000e+03 2.581550000000000182e+03
1.413000000000000000e+03 2.600400000000000091e+03
1.533000000000000000e+03 2.648650000000000091e+03
1.461000000000000000e+03 2.657700000000000273e+03
1.461000000000000000e+03 2.797950000000000273e+03
1.397000000000000000e+03 2.873050000000000182e+03
1.237000000000000000e+03 2.913450000000000273e+03
1.597000000000000000e+03 2.937900000000000091e+03
1.405000000000000000e+03 2.986550000000000182e+03
1.365000000000000000e+03 2.996900000000000091e+03
1.461000000000000000e+03 6.109100000000000364e+03
1.269000000000000000e+03 6.131550000000000182e+03
1.525000000000000000e+03 6.169900000000000546e+03
1.581000000000000000e+03 6.234000000000000000e+03
1.557000000000000000e+03 6.332949999999999818e+03
1.509000000000000000e+03 6.355400000000000546e+03
1.461000000000000000e+03 6.430500000000000000e+03
1.469000000000000000e+03 6.464699999999999818e+03
1.429000000000000000e+03 6.481400000000000546e+03
1.405000000000000000e+03 6.522900000000000546e+03
1.445000000000000000e+03 6.604150000000000546e+03
1.285000000000000000e+03 6.643500000000000000e+03
1.493000000000000000e+03 6.703650000000000546e+03
1.341000000000000000e+03 6.719350000000000364e+03
1.597000000000000000e+03 6.799050000000000182e+03
1.245000000000000000e+03 6.831600000000000364e+03
1.589000000000000000e+03 6.835850000000000364e+03
1.501000000000000000e+03 6.850150000000000546e+03
1.581000000000000000e+03 6.888000000000000000e+03
1.205000000000000000e+03 1.013310000000000036e+04
1.301000000000000000e+03 1.014970000000000073e+04
1.333000000000000000e+03 1.023470000000000073e+04
1.429000000000000000e+03 1.024250000000000000e+04
1.317000000000000000e+03 1.025239999999999964e+04
1.477000000000000000e+03 1.026064999999999964e+04
1.549000000000000000e+03 1.031710000000000036e+04
1.373000000000000000e+03 1.032150000000000000e+04
1.445000000000000000e+03 1.033705000000000109e+04
1.245000000000000000e+03 1.041105000000000109e+04
1.525000000000000000e+03 1.059855000000000109e+04
1.309000000000000000e+03 1.070130000000000109e+04
1.229000000000000000e+03 1.070180000000000109e+04
1.501000000000000000e+03 1.070900000000000000e+04
1.333000000000000000e+03 1.070964999999999964e+04
1.493000000000000000e+03 1.071060000000000036e+04
1.325000000000000000e+03 1.076225000000000000e+04
1.309000000000000000e+03 1.079710000000000036e+04
1.221000000000000000e+03 1.083045000000000073e+04
1.245000000000000000e+03 1.083125000000000000e+04
1.405000000000000000e+03 1.086785000000000036e+04
1.381000000000000000e+03 1.093064999999999964e+04
1.269000000000000000e+03 1.093635000000000036e+04
1.461000000000000000e+03 1.095050000000000000e+04
1.565000000000000000e+03 1.412695000000000073e+04
1.477000000000000000e+03 1.423610000000000036e+04
1.565000000000000000e+03 1.427585000000000036e+04
1.293000000000000000e+03 1.427945000000000073e+04
1.357000000000000000e+03 1.428655000000000109e+04
1.573000000000000000e+03 1.434420000000000073e+04
1.565000000000000000e+03 1.448695000000000073e+04
1.597000000000000000e+03 1.449830000000000109e+04
1.373000000000000000e+03 1.457635000000000036e+04
1.453000000000000000e+03 1.459730000000000109e+04
1.565000000000000000e+03 1.462095000000000073e+04
1.485000000000000000e+03 1.478470000000000073e+04
1.477000000000000000e+03 1.478570000000000073e+04
1.293000000000000000e+03 1.479205000000000109e+04
1.549000000000000000e+03 1.488705000000000109e+04
1.438000000000000000e+03 1.445500000000000114e+02
1.374000000000000000e+03 1.947000000000000171e+02
1.478000000000000000e+03 2.048000000000000114e+02
1.430000000000000000e+03 2.429000000000000057e+02
1.382000000000000000e+03 2.989000000000000341e+02
1.422000000000000000e+03 3.098000000000000114e+02
1.510000000000000000e+03 3.161000000000000227e+02
1.534000000000000000e+03 3.723500000000000227e+02
1.454000000000000000e+03 3.786999999999999886e+02
1.518000000000000000e+03 3.877500000000000000e+02
1.470000000000000000e+03 4.863000000000000114e+02
1.254000000000000000e+03 5.157500000000000000e+02
1.550000000000000000e+03 5.306499999999999773e+02
1.574000000000000000e+03 5.719500000000000455e+02
1.502000000000000000e+03 5.803500000000000227e+02
1.574000000000000000e+03 6.701499999999999773e+02
1.246000000000000000e+03 7.630000000000000000e+02
1.390000000000000000e+03 8.189500000000000455e+02
1.406000000000000000e+03 8.788999999999999773e+02
1.350000000000000000e+03 9.369500000000000455e+02
1.494000000000000000e+03 9.505000000000000000e+02
1.574000000000000000e+03 9.787500000000000000e+02
1.438000000000000000e+03 9.829500000000000455e+02
1.534000000000000000e+03 1.019100000000000023e+03
1.494000000000000000e+03 1.062049999999999955e+03
1.478000000000000000e+03 1.068549999999999955e+03
1.230000000000000000e+03 1.070500000000000000e+03
1.566000000000000000e+03 1.077650000000000091e+03
1.446000000000000000e+03 1.192100000000000136e+03
1.542000000000000000e+03 1.210750000000000000e+03
1.486000000000000000e+03 1.291000000000000000e+03
1.310000000000000000e+03 1.405450000000000045e+03
1.254000000000000000e+03 1.424049999999999955e+03
1.406000000000000000e+03 1.514350000000000136e+03
1.558000000000000000e+03 1.559650000000000091e+03
1.494000000000000000e+03 1.566700000000000045e+03
1.334000000000000000e+03 1.569100000000000136e+03
1.598000000000000000e+03 1.569200000000000045e+03
1.414000000000000000e+03 1.687100000000000136e+03
1.350000000000000000e+03 1.691400000000000091e+03
1.582000000000000000e+03 1.776950000000000045e+03
1.446000000000000000e+03 1.805450000000000045e+03
1.302000000000000000e+03 1.892350000000000136e+03
1.494000000000000000e+03 1.948250000000000000e+03
1.286000000000000000e+03 1.993150000000000091e+03
1.598000000000000000e+03 2.021950000000000045e+03
1.350000000000000000e+03 2.078949999999999818e+03
1.470000000000000000e+03 2.127050000000000182e+03
1.470000000000000000e+03 2.241750000000000000e+03
1.278000000000000000e+03 2.243000000000000000e+03
1.430000000000000000e+03 2.332200000000000273e+03
1.286000000000000000e+03 2.346349999999999909e+03
1.230000000000000000e+03 2.374900000000000091e+03
1.350000000000000000e+03 2.388050000000000182e+03
1.462000000000000000e+03 2.403099999999999909e+03
1.358000000000000000e+03 2.441300000000000182e+03
1.470000000000000000e+03 2.497000000000000000e+03
1.550000000000000000e+03 2.676050000000000182e+03
1.318000000000000000e+03 2.698250000000000000e+03
1.358000000000000000e+03 2.735300000000000182e+03
1.406000000000000000e+03 2.769000000000000000e+03
1.222000000000000000e+03 2.806700000000000273e+03
1.398000000000000000e+03 2.835800000000000182e+03
1.438000000000000000e+03 6.039600000000000364e+03
1.462000000000000000e+03 6.047449999999999818e+03
1.222000000000000000e+03 6.075350000000000364e+03
1.382000000000000000e+03 6.184699999999999818e+03
1.574000000000000000e+03 6.218500000000000000e+03
1.302000000000000000e+03 6.243650000000000546e+03
1.278000000000000000e+03 6.257699999999999818e+03
1.542000000000000000e+03 6.308100000000000364e+03
1.214000000000000000e+03 6.402250000000000000e+03
1.574000000000000000e+03 6.421150000000000546e+03
1.542000000000000000e+03 6.483500000000000000e+03
1.382000000000000000e+03 6.620900000000000546e+03
1.462000000000000000e+03 6.827449999999999818e+03
1.414000000000000000e+03 6.954600000000000364e+03
1.510000000000000000e+03 6.990750000000000000e+03
1.238000000000000000e+03 1.010214999999999964e+04
1.502000000000000000e+03 1.017050000000000000e+04
1.398000000000000000e+03 1.018250000000000000e+04
1.462000000000000000e+03 1.019870000000000073e+04
1.302000000000000000e+03 1.020539999999999964e+04
1.238000000000000000e+03 1.021089999999999964e+04
1.502000000000000000e+03 1.028475000000000000e+04
1.238000000000000000e+03 1.033585000000000036e+04
1.446000000000000000e+03 1.039085000000000036e+04
1.326000000000000000e+03 1.052070000000000073e+04
1.334000000000000000e+03 1.066245000000000073e+04
1.526000000000000000e+03 1.078770000000000073e+04
1.294000000000000000e+03 1.084839999999999964e+04
1.430000000000000000e+03 1.087439999999999964e+04
1.446000000000000000e+03 1.093464999999999964e+04
1.502000000000000000e+03 1.098105000000000109e+04
1.574000000000000000e+03 1.098145000000000073e+04
1.382000000000000000e+03 1.402960000000000036e+04
1.238000000000000000e+03 1.421520000000000073e+04
1.454000000000000000e+03 1.428330000000000109e+04
1.494000000000000000e+03 1.440264999999999964e+04
1.454000000000000000e+03 1.448595000000000073e+04
1.478000000000000000e+03 1.451210000000000036e+04
1.254000000000000000e+03 1.454580000000000109e+04
1.470000000000000000e+03 1.465160000000000036e+04
1.598000000000000000e+03 1.469785000000000036e+04
1.518000000000000000e+03 1.472739999999999964e+04
1.350000000000000000e+03 1.481325000000000000e+04
1.262000000000000000e+03 1.482560000000000036e+04
1.230000000000000000e+03 1.483320000000000073e+04
1.550000000000000000e+03 1.484445000000000073e+04
1.534000000000000000e+03 1.485939999999999964e+04
1.222000000000000000e+03 1.498814999999999964e+04
1.327000000000000000e+03 1.144500000000000028e+02
1.527000000000000000e+03 1.206500000000000057e+02
1.399000000000000000e+03 1.387500000000000000e+02
1.415000000000000000e+03 1.400000000000000000e+02
1.215000000000000000e+03 1.479000000000000057e+02
1.479000000000000000e+03 1.860000000000000000e+02
1.415000000000000000e+03 2.782500000000000000e+02
1.591000000000000000e+03 2.815500000000000114e+02
1.495000000000000000e+03 2.883000000000000114e+02
1.527000000000000000e+03 3.195500000000000114e+02
1.591000000000000000e+03 3.465000000000000000e+02
1.207000000000000000e+03 3.780500000000000114e+02
1.463000000000000000e+03 4.532500000000000000e+02
1.431000000000000000e+03 4.602500000000000000e+02
1.527000000000000000e+03 4.640500000000000114e+02
1.263000000000000000e+03 4.851500000000000341e+02
1.327000000000000000e+03 4.904000000000000341e+02
1.583000000000000000e+03 4.954499999999999886e+02
1.391000000000000000e+03 5.195499999999999545e+02
1.223000000000000000e+03 5.371499999999999773e+02
1.543000000000000000e+03 5.883500000000000227e+02
1.327000000000000000e+03 6.297500000000000000e+02
1.415000000000000000e+03 6.888999999999999773e+02
1.487000000000000000e+03 7.483999999999999773e+02
1.407000000000000000e+03 7.970000000000000000e+02
1.327000000000000000e+03 8.538500000000000227e+02
1.263000000000000000e+03 8.757500000000000000e+02
1.375000000000000000e+03 9.026499999999999773e+02
1.351000000000000000e+03 9.035000000000000000e+02
1.407000000000000000e+03 9.053500000000000227e+02
1.575000000000000000e+03 9.163500000000000227e+02
1.519000000000000000e+03 9.248000000000000682e+02
1.223000000000000000e+03 9.711000000000000227e+02
1.551000000000000000e+03 1.010500000000000000e+03
1.287000000000000000e+03 1.011399999999999977e+03
1.367000000000000000e+03 1.012600000000000023e+03
1.479000000000000000e+03 1.038549999999999955e+03
1.335000000000000000e+03 1.056650000000000091e+03
1.439000000000000000e+03 1.067400000000000091e+03
1.271000000000000000e+03 1.135000000000000000e+03
1.367000000000000000e+03 1.174400000000000091e+03
1.287000000000000000e+03 1.179299999999999955e+03
1.519000000000000000e+03 1.190700000000000045e+03
1.343000000000000000e+03 1.191450000000000045e+03
1.415000000000000000e+03 1.206500000000000000e+03
1.343000000000000000e+03 1.253700000000000045e+03
1.471000000000000000e+03 1.257299999999999955e+03
1.247000000000000000e+03 1.272799999999999955e+03
1.239000000000000000e+03 1.288150000000000091e+03
1.319000000000000000e+03 1.302299999999999955e+03
1.447000000000000000e+03 1.365799999999999955e+03
1.223000000000000000e+03 1.389049999999999955e+03
1.263000000000000000e+03 1.405799999999999955e+03
1.423000000000000000e+03 1.468400000000000091e+03
1.527000000000000000e+03 1.488549999999999955e+03
1.559000000000000000e+03 1.507450000000000045e+03
1.479000000000000000e+03 1.509500000000000000e+03
1.503000000000000000e+03 1.562900000000000091e+03
1.239000000000000000e+03 1.599200000000000045e+03
1.375000000000000000e+03 1.599549999999999955e+03
1.399000000000000000e+03 1.612049999999999955e+03
1.551000000000000000e+03 1.782250000000000000e+03
1.463000000000000000e+03 1.797650000000000091e+03
1.391000000000000000e+03 1.836549999999999955e+03
1.495000000000000000e+03 1.871549999999999955e+03
1.591000000000000000e+03 1.910400000000000091e+03
1.319000000000000000e+03 1.924100000000000136e+03
1.279000000000000000e+03 1.954350000000000136e+03
1.223000000000000000e+03 2.001750000000000000e+03
1.455000000000000000e+03 2.009750000000000000e+03
1.583000000000000000e+03 2.031850000000000136e+03
1.375000000000000000e+03 2.050199999999999818e+03
1.311000000000000000e+03 2.057800000000000182e+03
1.239000000000000000e+03 2.112900000000000091e+03
1.287000000000000000e+03 2.196599999999999909e+03
1.407000000000000000e+03 2.241250000000000000e+03
1.439000000000000000e+03 2.287000000000000000e+03
1.391000000000000000e+03 2.323050000000000182e+03
1.247000000000000000e+03 2.362550000000000182e+03
1.263000000000000000e+03 2.450750000000000000e+03
1.535000000000000000e+03 2.580599999999999909e+03
1.391000000000000000e+03 2.599349999999999909e+03
1.407000000000000000e+03 2.638950000000000273e+03
1.263000000000000000e+03 2.717450000000000273e+03
1.223000000000000000e+03 2.720900000000000091e+03
1.575000000000000000e+03 2.753150000000000091e+03
1.407000000000000000e+03 2.760250000000000000e+03
1.295000000000000000e+03 2.776849999999999909e+03
1.599000000000000000e+03 2.798500000000000000e+03
1.327000000000000000e+03 2.839150000000000091e+03
1.207000000000000000e+03 2.855300000000000182e+03
1.479000000000000000e+03 2.871000000000000000e+03
1.263000000000000000e+03 2.892200000000000273e+03
1.503000000000000000e+03 2.898400000000000091e+03
1.447000000000000000e+03 2.898650000000000091e+03
1.535000000000000000e+03 3.000250000000000000e+03
1.247000000000000000e+03 3.007000000000000000e+03
1.335000000000000000e+03 6.081949999999999818e+03
1.415000000000000000e+03 6.094550000000000182e+03
1.567000000000000000e+03 6.113350000000000364e+03
1.503000000000000000e+03 6.141550000000000182e+03
1.527000000000000000e+03 6.150550000000000182e+03
1.247000000000000000e+03 6.161550000000000182e+03
1.239000000000000000e+03 6.176949999999999818e+03
1.527000000000000000e+03 6.221800000000000182e+03
1.399000000000000000e+03 6.246000000000000000e+03
1.287000000000000000e+03 6.316500000000000000e+03
1.383000000000000000e+03 6.338350000000000364e+03
1.351000000000000000e+03 6.394050000000000182e+03
1.567000000000000000e+03 6.473949999999999818e+03
1.455000000000000000e+03 6.534350000000000364e+03
1.527000000000000000e+03 6.579400000000000546e+03
1.303000000000000000e+03 6.598000000000000000e+03
1.223000000000000000e+03 6.628850000000000364e+03
1.543000000000000000e+03 6.642750000000000000e+03
1.327000000000000000e+03 6.670000000000000000e+03
1.215000000000000000e+03 6.673900000000000546e+03
1.407000000000000000e+03 6.771150000000000546e+03
1.407000000000000000e+03 6.848949999999999818e+03
1.479000000000000000e+03 6.884350000000000364e+03
1.583000000000000000e+03 6.939850000000000364e+03
1.423000000000000000e+03 6.956400000000000546e+03
1.447000000000000000e+03 6.966350000000000364e+03
1.447000000000000000e+03 1.010580000000000109e+04
1.231000000000000000e+03 1.012480000000000109e+04
1.335000000000000000e+03 1.029785000000000036e+04
1.543000000000000000e+03 1.033485000000000036e+04
1.359000000000000000e+03 1.046260000000000036e+04
1.303000000000000000e+03 1.047514999999999964e+04
1.583000000000000000e+03 1.056785000000000036e+04
1.519000000000000000e+03 1.064764999999999964e+04
1.423000000000000000e+03 1.069445000000000073e+04
1.431000000000000000e+03 1.070489999999999964e+04
1.223000000000000000e+03 1.071095000000000073e+04
1.527000000000000000e+03 1.071914999999999964e+04
1.575000000000000000e+03 1.077225000000000000e+04
1.295000000000000000e+03 1.081670000000000073e+04
1.535000000000000000e+03 1.082014999999999964e+04
1.375000000000000000e+03 1.084430000000000109e+04
1.335000000000000000e+03 1.086980000000000109e+04
1.247000000000000000e+03 1.090500000000000000e+04
1.463000000000000000e+03 1.097489999999999964e+04
1.335000000000000000e+03 1.403620000000000073e+04
1.503000000000000000e+03 1.412839999999999964e+04
1.415000000000000000e+03 1.415289999999999964e+04
1.479000000000000000e+03 1.423785000000000036e+04
1.463000000000000000e+03 1.424925000000000000e+04
1.511000000000000000e+03 1.425580000000000109e+04
1.399000000000000000e+03 1.426864999999999964e+04
1.271000000000000000e+03 1.432830000000000109e+04
1.423000000000000000e+03 1.437995000000000073e+04
1.527000000000000000e+03 1.439405000000000109e+04
1.279000000000000000e+03 1.451580000000000109e+04
1.535000000000000000e+03 1.453385000000000036e+04
1.223000000000000000e+03 1.453864999999999964e+04
1.311000000000000000e+03 1.462270000000000073e+04
1.591000000000000000e+03 1.467370000000000073e+04
1.575000000000000000e+03 1.467450000000000000e+04
1.271000000000000000e+03 1.471700000000000000e+04
1.559000000000000000e+03 1.475470000000000073e+04
1.335000000000000000e+03 1.483820000000000073e+04
1.391000000000000000e+03 1.485405000000000109e+04
1.439000000000000000e+03 1.487020000000000073e+04
1.431000000000000000e+03 1.489014999999999964e+04
1.591000000000000000e+03 1.490125000000000000e+04
1.263000000000000000e+03 1.490814999999999964e+04
1.327000000000000000e+03 1.496875000000000000e+04
1.487000000000000000e+03 1.498770000000000073e+04
