5.840000000000000000e+02 1.038500000000000085e+02
5.600000000000000000e+02 1.267500000000000000e+02
4.640000000000000000e+02 1.842000000000000171e+02
4.480000000000000000e+02 2.545000000000000000e+02
4.080000000000000000e+02 2.736000000000000227e+02
6.560000000000000000e+02 2.806500000000000341e+02
7.040000000000000000e+02 3.115000000000000000e+02
4.880000000000000000e+02 3.445000000000000000e+02
4.960000000000000000e+02 4.111500000000000341e+02
6.880000000000000000e+02 4.344499999999999886e+02
5.120000000000000000e+02 4.424499999999999886e+02
5.360000000000000000e+02 5.137500000000000000e+02
7.120000000000000000e+02 5.350000000000000000e+02
7.200000000000000000e+02 5.365499999999999545e+02
4.080000000000000000e+02 5.840000000000000000e+02
8.000000000000000000e+02 7.093500000000000227e+02
7.040000000000000000e+02 7.138000000000000682e+02
5.920000000000000000e+02 7.566000000000000227e+02
4.720000000000000000e+02 7.870500000000000682e+02
6.240000000000000000e+02 7.920000000000000000e+02
6.960000000000000000e+02 8.150500000000000682e+02
5.360000000000000000e+02 8.563500000000000227e+02
6.320000000000000000e+02 8.668999999999999773e+02
4.720000000000000000e+02 8.802500000000000000e+02
7.200000000000000000e+02 9.043500000000000227e+02
5.040000000000000000e+02 9.348000000000000682e+02
7.520000000000000000e+02 1.018000000000000000e+03
5.520000000000000000e+02 1.024900000000000091e+03
5.680000000000000000e+02 1.054950000000000045e+03
6.720000000000000000e+02 1.076549999999999955e+03
7.760000000000000000e+02 1.076950000000000045e+03
7.440000000000000000e+02 1.095200000000000045e+03
7.360000000000000000e+02 1.098250000000000000e+03
7.920000000000000000e+02 1.121200000000000045e+03
5.120000000000000000e+02 1.138150000000000091e+03
5.200000000000000000e+02 1.187250000000000000e+03
7.200000000000000000e+02 1.227650000000000091e+03
5.680000000000000000e+02 1.308200000000000045e+03
6.880000000000000000e+02 1.337150000000000091e+03
4.480000000000000000e+02 1.379450000000000045e+03
5.520000000000000000e+02 1.403049999999999955e+03
7.680000000000000000e+02 1.407100000000000136e+03
5.360000000000000000e+02 1.441650000000000091e+03
4.240000000000000000e+02 1.509100000000000136e+03
5.280000000000000000e+02 1.573000000000000000e+03
6.400000000000000000e+02 1.587650000000000091e+03
5.440000000000000000e+02 1.614700000000000045e+03
6.960000000000000000e+02 1.668049999999999955e+03
6.640000000000000000e+02 1.671700000000000045e+03
7.120000000000000000e+02 1.684100000000000136e+03
5.200000000000000000e+02 1.703799999999999955e+03
5.120000000000000000e+02 1.751150000000000091e+03
6.960000000000000000e+02 1.809299999999999955e+03
6.800000000000000000e+02 1.892650000000000091e+03
6.400000000000000000e+02 1.955900000000000091e+03
5.840000000000000000e+02 2.005299999999999955e+03
4.480000000000000000e+02 2.007650000000000091e+03
7.920000000000000000e+02 2.076800000000000182e+03
4.800000000000000000e+02 2.101050000000000182e+03
8.000000000000000000e+02 2.103300000000000182e+03
6.960000000000000000e+02 2.138199999999999818e+03
5.360000000000000000e+02 2.138400000000000091e+03
7.520000000000000000e+02 2.292200000000000273e+03
7.600000000000000000e+02 2.324450000000000273e+03
6.320000000000000000e+02 2.419950000000000273e+03
4.880000000000000000e+02 2.422349999999999909e+03
6.240000000000000000e+02 2.427300000000000182e+03
4.640000000000000000e+02 2.498750000000000000e+03
7.600000000000000000e+02 2.539800000000000182e+03
4.400000000000000000e+02 2.583550000000000182e+03
5.120000000000000000e+02 2.601200000000000273e+03
4.480000000000000000e+02 2.608200000000000273e+03
5.840000000000000000e+02 2.645900000000000091e+03
6.720000000000000000e+02 2.665550000000000182e+03
4.640000000000000000e+02 2.706400000000000091e+03
7.920000000000000000e+02 2.801250000000000000e+03
6.800000000000000000e+02 2.855550000000000182e+03
5.920000000000000000e+02 2.946750000000000000e+03
4.080000000000000000e+02 2.965900000000000091e+03
5.680000000000000000e+02 2.981950000000000273e+03
5.520000000000000000e+02 2.997599999999999909e+03
6.640000000000000000e+02 3.025900000000000091e+03
5.360000000000000000e+02 3.225650000000000091e+03
4.240000000000000000e+02 3.262650000000000091e+03
4.240000000000000000e+02 3.451599999999999909e+03
4.320000000000000000e+02 3.584349999999999909e+03
6.320000000000000000e+02 3.731500000000000000e+03
7.120000000000000000e+02 3.745650000000000091e+03
7.920000000000000000e+02 3.902800000000000182e+03
6.480000000000000000e+02 3.978000000000000000e+03
7.040000000000000000e+02 4.070950000000000273e+03
5.760000000000000000e+02 4.208350000000000364e+03
7.280000000000000000e+02 4.300550000000000182e+03
4.720000000000000000e+02 4.323500000000000000e+03
5.600000000000000000e+02 4.328949999999999818e+03
7.840000000000000000e+02 4.488850000000000364e+03
4.480000000000000000e+02 4.492100000000000364e+03
4.400000000000000000e+02 4.557699999999999818e+03
6.320000000000000000e+02 4.799800000000000182e+03
7.040000000000000000e+02 4.829900000000000546e+03
5.440000000000000000e+02 4.911100000000000364e+03
5.360000000000000000e+02 5.559050000000000182e+03
4.240000000000000000e+02 5.940949999999999818e+03
4.640000000000000000e+02 5.999199999999999818e+03
5.280000000000000000e+02 6.042100000000000364e+03
4.480000000000000000e+02 6.184300000000000182e+03
7.920000000000000000e+02 6.192050000000000182e+03
7.280000000000000000e+02 6.229500000000000000e+03
4.640000000000000000e+02 6.255850000000000364e+03
7.520000000000000000e+02 6.257600000000000364e+03
5.280000000000000000e+02 6.270449999999999818e+03
7.360000000000000000e+02 6.275150000000000546e+03
5.040000000000000000e+02 6.278000000000000000e+03
5.520000000000000000e+02 6.364150000000000546e+03
5.200000000000000000e+02 6.422150000000000546e+03
5.280000000000000000e+02 6.426100000000000364e+03
5.920000000000000000e+02 6.516100000000000364e+03
7.120000000000000000e+02 6.558100000000000364e+03
6.640000000000000000e+02 6.567250000000000000e+03
6.320000000000000000e+02 6.567400000000000546e+03
7.280000000000000000e+02 6.574150000000000546e+03
5.760000000000000000e+02 6.613199999999999818e+03
5.360000000000000000e+02 6.616199999999999818e+03
6.000000000000000000e+02 6.651199999999999818e+03
7.280000000000000000e+02 6.664150000000000546e+03
7.760000000000000000e+02 6.689250000000000000e+03
6.800000000000000000e+02 6.729800000000000182e+03
6.640000000000000000e+02 6.750600000000000364e+03
6.640000000000000000e+02 6.989900000000000546e+03
4.480000000000000000e+02 7.017250000000000000e+03
5.520000000000000000e+02 7.029900000000000546e+03
6.240000000000000000e+02 7.032050000000000182e+03
4.320000000000000000e+02 7.150000000000000000e+03
7.360000000000000000e+02 7.182850000000000364e+03
5.360000000000000000e+02 7.186900000000000546e+03
7.120000000000000000e+02 7.300949999999999818e+03
6.880000000000000000e+02 7.374449999999999818e+03
4.720000000000000000e+02 7.385199999999999818e+03
6.320000000000000000e+02 7.494050000000000182e+03
5.200000000000000000e+02 7.625400000000000546e+03
6.960000000000000000e+02 7.664400000000000546e+03
6.000000000000000000e+02 7.781449999999999818e+03
4.960000000000000000e+02 7.784750000000000000e+03
7.440000000000000000e+02 7.890650000000000546e+03
6.400000000000000000e+02 7.961000000000000000e+03
5.440000000000000000e+02 8.082800000000000182e+03
7.760000000000000000e+02 8.086100000000000364e+03
7.120000000000000000e+02 8.117750000000000000e+03
4.480000000000000000e+02 8.173500000000000000e+03
7.920000000000000000e+02 8.240700000000000728e+03
5.920000000000000000e+02 8.261200000000000728e+03
6.560000000000000000e+02 8.279850000000000364e+03
5.760000000000000000e+02 8.280950000000000728e+03
8.000000000000000000e+02 8.291450000000000728e+03
7.280000000000000000e+02 8.394000000000000000e+03
7.920000000000000000e+02 8.477299999999999272e+03
5.920000000000000000e+02 8.488899999999999636e+03
6.880000000000000000e+02 8.593149999999999636e+03
7.840000000000000000e+02 8.616549999999999272e+03
4.240000000000000000e+02 8.632899999999999636e+03
4.880000000000000000e+02 8.672700000000000728e+03
7.200000000000000000e+02 8.724399999999999636e+03
6.160000000000000000e+02 8.787100000000000364e+03
4.400000000000000000e+02 8.788649999999999636e+03
4.880000000000000000e+02 8.809500000000000000e+03
5.360000000000000000e+02 8.858050000000001091e+03
6.880000000000000000e+02 8.912250000000000000e+03
4.170000000000000000e+02 1.192500000000000000e+02
4.730000000000000000e+02 1.822500000000000000e+02
6.010000000000000000e+02 3.925000000000000000e+02
7.690000000000000000e+02 4.069000000000000341e+02
7.850000000000000000e+02 4.437500000000000000e+02
6.650000000000000000e+02 4.723500000000000227e+02
5.050000000000000000e+02 6.090500000000000682e+02
4.090000000000000000e+02 6.095000000000000000e+02
7.450000000000000000e+02 6.137000000000000455e+02
6.570000000000000000e+02 6.767000000000000455e+02
5.850000000000000000e+02 6.778999999999999773e+02
7.290000000000000000e+02 6.900000000000000000e+02
6.410000000000000000e+02 7.257500000000000000e+02
7.930000000000000000e+02 7.413999999999999773e+02
6.490000000000000000e+02 7.429500000000000455e+02
6.570000000000000000e+02 7.563000000000000682e+02
6.730000000000000000e+02 9.096000000000000227e+02
6.170000000000000000e+02 9.113500000000000227e+02
4.570000000000000000e+02 9.178500000000000227e+02
4.410000000000000000e+02 9.832000000000000455e+02
7.610000000000000000e+02 1.038900000000000091e+03
5.930000000000000000e+02 1.087700000000000045e+03
6.170000000000000000e+02 1.116250000000000000e+03
5.610000000000000000e+02 1.159799999999999955e+03
5.290000000000000000e+02 1.173950000000000045e+03
7.370000000000000000e+02 1.193200000000000045e+03
5.850000000000000000e+02 1.206049999999999955e+03
4.490000000000000000e+02 1.265200000000000045e+03
4.970000000000000000e+02 1.271650000000000091e+03
4.250000000000000000e+02 1.306850000000000136e+03
4.090000000000000000e+02 1.315100000000000136e+03
5.290000000000000000e+02 1.318350000000000136e+03
4.410000000000000000e+02 1.389850000000000136e+03
6.650000000000000000e+02 1.390150000000000091e+03
5.290000000000000000e+02 1.423450000000000045e+03
4.170000000000000000e+02 1.476400000000000091e+03
4.090000000000000000e+02 1.477799999999999955e+03
4.570000000000000000e+02 1.488049999999999955e+03
6.410000000000000000e+02 1.497850000000000136e+03
6.010000000000000000e+02 1.501250000000000000e+03
4.970000000000000000e+02 1.526400000000000091e+03
4.410000000000000000e+02 1.585250000000000000e+03
4.490000000000000000e+02 1.672100000000000136e+03
7.450000000000000000e+02 1.755700000000000045e+03
6.650000000000000000e+02 1.932250000000000000e+03
6.490000000000000000e+02 1.948799999999999955e+03
4.170000000000000000e+02 1.986799999999999955e+03
6.890000000000000000e+02 2.143250000000000000e+03
4.410000000000000000e+02 2.146300000000000182e+03
4.650000000000000000e+02 2.219599999999999909e+03
7.210000000000000000e+02 2.236599999999999909e+03
5.930000000000000000e+02 2.338800000000000182e+03
4.810000000000000000e+02 2.375950000000000273e+03
5.210000000000000000e+02 2.424099999999999909e+03
7.610000000000000000e+02 2.558800000000000182e+03
7.290000000000000000e+02 2.559500000000000000e+03
4.090000000000000000e+02 2.565150000000000091e+03
5.290000000000000000e+02 2.568950000000000273e+03
4.490000000000000000e+02 2.605099999999999909e+03
5.850000000000000000e+02 2.696200000000000273e+03
5.450000000000000000e+02 2.762650000000000091e+03
7.450000000000000000e+02 2.778500000000000000e+03
6.890000000000000000e+02 2.839300000000000182e+03
8.010000000000000000e+02 2.915550000000000182e+03
5.050000000000000000e+02 2.946200000000000273e+03
6.170000000000000000e+02 2.947500000000000000e+03
4.810000000000000000e+02 3.004900000000000091e+03
7.850000000000000000e+02 3.075150000000000091e+03
4.730000000000000000e+02 3.272050000000000182e+03
4.090000000000000000e+02 3.301849999999999909e+03
8.010000000000000000e+02 3.388050000000000182e+03
5.130000000000000000e+02 3.548750000000000000e+03
5.450000000000000000e+02 3.571750000000000000e+03
4.730000000000000000e+02 3.607150000000000091e+03
5.610000000000000000e+02 3.612750000000000000e+03
6.010000000000000000e+02 3.647950000000000273e+03
5.130000000000000000e+02 3.673050000000000182e+03
6.890000000000000000e+02 3.766200000000000273e+03
4.730000000000000000e+02 3.812849999999999909e+03
4.810000000000000000e+02 4.034500000000000000e+03
7.690000000000000000e+02 4.035849999999999909e+03
4.490000000000000000e+02 4.210149999999999636e+03
6.090000000000000000e+02 4.248250000000000000e+03
5.130000000000000000e+02 4.282100000000000364e+03
4.330000000000000000e+02 4.508900000000000546e+03
6.090000000000000000e+02 4.724150000000000546e+03
4.810000000000000000e+02 4.763900000000000546e+03
4.890000000000000000e+02 4.831550000000000182e+03
6.650000000000000000e+02 5.126100000000000364e+03
4.730000000000000000e+02 5.160949999999999818e+03
6.090000000000000000e+02 5.509650000000000546e+03
4.970000000000000000e+02 6.134350000000000364e+03
5.210000000000000000e+02 6.158300000000000182e+03
5.850000000000000000e+02 6.162750000000000000e+03
7.450000000000000000e+02 6.176650000000000546e+03
6.490000000000000000e+02 6.196050000000000182e+03
4.730000000000000000e+02 6.245750000000000000e+03
7.370000000000000000e+02 6.284050000000000182e+03
7.850000000000000000e+02 6.333400000000000546e+03
7.690000000000000000e+02 6.376650000000000546e+03
5.530000000000000000e+02 6.400000000000000000e+03
4.490000000000000000e+02 6.414650000000000546e+03
4.730000000000000000e+02 6.457100000000000364e+03
5.050000000000000000e+02 6.534250000000000000e+03
7.370000000000000000e+02 6.555100000000000364e+03
5.210000000000000000e+02 6.559500000000000000e+03
6.170000000000000000e+02 6.572750000000000000e+03
5.450000000000000000e+02 6.605400000000000546e+03
7.450000000000000000e+02 6.677900000000000546e+03
4.330000000000000000e+02 6.708900000000000546e+03
5.450000000000000000e+02 6.844100000000000364e+03
6.410000000000000000e+02 6.894800000000000182e+03
4.490000000000000000e+02 6.937850000000000364e+03
7.370000000000000000e+02 7.045850000000000364e+03
4.890000000000000000e+02 7.048750000000000000e+03
4.410000000000000000e+02 7.060650000000000546e+03
5.930000000000000000e+02 7.135199999999999818e+03
6.970000000000000000e+02 7.166500000000000000e+03
5.850000000000000000e+02 7.245900000000000546e+03
5.450000000000000000e+02 7.293050000000000182e+03
4.570000000000000000e+02 7.308199999999999818e+03
6.250000000000000000e+02 7.314100000000000364e+03
6.410000000000000000e+02 7.327650000000000546e+03
4.250000000000000000e+02 7.346000000000000000e+03
4.810000000000000000e+02 7.367250000000000000e+03
7.450000000000000000e+02 7.371100000000000364e+03
7.290000000000000000e+02 7.440000000000000000e+03
4.410000000000000000e+02 7.494250000000000000e+03
6.250000000000000000e+02 7.557100000000000364e+03
7.450000000000000000e+02 7.565400000000000546e+03
4.810000000000000000e+02 7.581550000000000182e+03
5.850000000000000000e+02 7.590949999999999818e+03
5.690000000000000000e+02 7.661800000000000182e+03
5.130000000000000000e+02 7.664000000000000000e+03
6.090000000000000000e+02 7.670699999999999818e+03
6.730000000000000000e+02 7.681850000000000364e+03
4.730000000000000000e+02 7.718750000000000000e+03
6.890000000000000000e+02 7.767750000000000000e+03
4.090000000000000000e+02 7.773199999999999818e+03
5.050000000000000000e+02 7.819100000000000364e+03
7.690000000000000000e+02 7.822750000000000000e+03
7.850000000000000000e+02 7.851350000000000364e+03
7.370000000000000000e+02 7.888400000000000546e+03
6.090000000000000000e+02 7.890750000000000000e+03
5.610000000000000000e+02 7.979600000000000364e+03
4.330000000000000000e+02 8.030400000000000546e+03
5.370000000000000000e+02 8.079199999999999818e+03
6.490000000000000000e+02 8.118800000000000182e+03
4.970000000000000000e+02 8.140500000000000000e+03
5.050000000000000000e+02 8.185150000000000546e+03
5.450000000000000000e+02 8.250700000000000728e+03
4.570000000000000000e+02 8.265700000000000728e+03
5.210000000000000000e+02 8.327549999999999272e+03
4.170000000000000000e+02 8.433549999999999272e+03
6.330000000000000000e+02 8.489649999999999636e+03
4.810000000000000000e+02 8.526100000000000364e+03
4.810000000000000000e+02 8.615899999999999636e+03
4.730000000000000000e+02 8.628850000000000364e+03
6.890000000000000000e+02 8.691149999999999636e+03
5.610000000000000000e+02 8.780250000000000000e+03
5.130000000000000000e+02 8.819750000000000000e+03
6.970000000000000000e+02 8.835550000000001091e+03
4.810000000000000000e+02 8.863649999999999636e+03
5.290000000000000000e+02 8.869100000000000364e+03
8.010000000000000000e+02 8.915649999999999636e+03
5.850000000000000000e+02 8.978200000000000728e+03
6.490000000000000000e+02 8.986399999999999636e+03
4.020000000000000000e+02 1.637500000000000000e+02
5.140000000000000000e+02 1.657000000000000171e+02
7.540000000000000000e+02 1.810000000000000000e+02
7.460000000000000000e+02 2.184000000000000057e+02
4.980000000000000000e+02 2.485999999999999943e+02
6.260000000000000000e+02 2.591499999999999773e+02
5.300000000000000000e+02 2.853500000000000227e+02
5.620000000000000000e+02 3.100500000000000114e+02
7.380000000000000000e+02 3.191500000000000341e+02
5.940000000000000000e+02 3.324499999999999886e+02
4.660000000000000000e+02 3.983000000000000114e+02
4.340000000000000000e+02 3.986999999999999886e+02
5.300000000000000000e+02 4.497500000000000000e+02
6.500000000000000000e+02 4.635500000000000114e+02
4.740000000000000000e+02 5.218999999999999773e+02
4.020000000000000000e+02 5.321000000000000227e+02
7.860000000000000000e+02 6.851499999999999773e+02
7.940000000000000000e+02 6.877000000000000455e+02
4.820000000000000000e+02 7.408500000000000227e+02
4.180000000000000000e+02 7.462500000000000000e+02
6.260000000000000000e+02 7.932000000000000455e+02
7.220000000000000000e+02 8.638000000000000682e+02
7.460000000000000000e+02 8.722000000000000455e+02
4.500000000000000000e+02 9.529500000000000455e+02
6.660000000000000000e+02 9.678999999999999773e+02
7.300000000000000000e+02 1.053250000000000000e+03
4.020000000000000000e+02 1.068450000000000045e+03
6.420000000000000000e+02 1.161299999999999955e+03
6.980000000000000000e+02 1.196250000000000000e+03
6.340000000000000000e+02 1.199850000000000136e+03
6.020000000000000000e+02 1.225299999999999955e+03
4.180000000000000000e+02 1.298400000000000091e+03
5.700000000000000000e+02 1.306500000000000000e+03
7.700000000000000000e+02 1.326950000000000045e+03
5.780000000000000000e+02 1.350100000000000136e+03
7.300000000000000000e+02 1.356049999999999955e+03
5.460000000000000000e+02 1.396850000000000136e+03
6.580000000000000000e+02 1.421650000000000091e+03
4.260000000000000000e+02 1.457000000000000000e+03
4.580000000000000000e+02 1.473799999999999955e+03
4.420000000000000000e+02 1.484299999999999955e+03
4.260000000000000000e+02 1.520000000000000000e+03
7.620000000000000000e+02 1.586850000000000136e+03
4.740000000000000000e+02 1.587750000000000000e+03
7.460000000000000000e+02 1.590100000000000136e+03
7.060000000000000000e+02 1.626400000000000091e+03
7.380000000000000000e+02 1.647549999999999955e+03
7.780000000000000000e+02 1.713549999999999955e+03
6.340000000000000000e+02 1.754450000000000045e+03
7.060000000000000000e+02 1.824950000000000045e+03
6.260000000000000000e+02 1.840799999999999955e+03
6.980000000000000000e+02 1.910850000000000136e+03
7.700000000000000000e+02 1.927450000000000045e+03
4.900000000000000000e+02 1.957750000000000000e+03
4.740000000000000000e+02 2.144000000000000000e+03
4.980000000000000000e+02 2.198050000000000182e+03
4.580000000000000000e+02 2.208250000000000000e+03
7.220000000000000000e+02 2.248300000000000182e+03
6.740000000000000000e+02 2.381950000000000273e+03
6.980000000000000000e+02 2.386250000000000000e+03
5.380000000000000000e+02 2.419800000000000182e+03
6.340000000000000000e+02 2.429349999999999909e+03
4.100000000000000000e+02 2.434250000000000000e+03
5.860000000000000000e+02 2.457099999999999909e+03
4.260000000000000000e+02 2.464500000000000000e+03
4.820000000000000000e+02 2.526300000000000182e+03
4.740000000000000000e+02 2.537400000000000091e+03
7.540000000000000000e+02 2.556200000000000273e+03
5.300000000000000000e+02 2.594500000000000000e+03
5.300000000000000000e+02 2.647750000000000000e+03
6.820000000000000000e+02 2.679800000000000182e+03
6.420000000000000000e+02 2.684099999999999909e+03
6.500000000000000000e+02 2.730150000000000091e+03
7.940000000000000000e+02 2.749849999999999909e+03
4.500000000000000000e+02 2.758400000000000091e+03
4.580000000000000000e+02 2.775099999999999909e+03
4.580000000000000000e+02 2.862250000000000000e+03
7.540000000000000000e+02 2.899349999999999909e+03
4.340000000000000000e+02 2.902250000000000000e+03
6.020000000000000000e+02 2.943050000000000182e+03
4.500000000000000000e+02 2.967400000000000091e+03
5.860000000000000000e+02 3.073150000000000091e+03
6.900000000000000000e+02 3.204700000000000273e+03
6.820000000000000000e+02 3.235800000000000182e+03
7.860000000000000000e+02 3.420200000000000273e+03
6.340000000000000000e+02 3.699849999999999909e+03
4.420000000000000000e+02 3.881550000000000182e+03
5.780000000000000000e+02 3.897650000000000091e+03
5.460000000000000000e+02 3.899800000000000182e+03
6.980000000000000000e+02 3.980900000000000091e+03
6.820000000000000000e+02 4.147250000000000000e+03
6.740000000000000000e+02 4.440750000000000000e+03
5.460000000000000000e+02 4.710350000000000364e+03
6.340000000000000000e+02 4.904750000000000000e+03
5.460000000000000000e+02 4.985800000000000182e+03
6.980000000000000000e+02 5.090050000000000182e+03
6.020000000000000000e+02 5.341400000000000546e+03
4.980000000000000000e+02 5.373050000000000182e+03
5.460000000000000000e+02 5.911199999999999818e+03
6.980000000000000000e+02 6.066100000000000364e+03
4.180000000000000000e+02 6.072900000000000546e+03
6.420000000000000000e+02 6.118050000000000182e+03
6.020000000000000000e+02 6.144800000000000182e+03
5.780000000000000000e+02 6.172650000000000546e+03
6.980000000000000000e+02 6.257650000000000546e+03
6.180000000000000000e+02 6.337000000000000000e+03
5.060000000000000000e+02 6.368250000000000000e+03
7.780000000000000000e+02 6.415199999999999818e+03
6.740000000000000000e+02 6.517550000000000182e+03
4.180000000000000000e+02 6.534699999999999818e+03
6.340000000000000000e+02 6.537150000000000546e+03
7.380000000000000000e+02 6.572850000000000364e+03
7.540000000000000000e+02 6.602550000000000182e+03
4.020000000000000000e+02 6.615350000000000364e+03
6.180000000000000000e+02 6.653650000000000546e+03
6.340000000000000000e+02 6.682750000000000000e+03
4.420000000000000000e+02 6.775699999999999818e+03
7.940000000000000000e+02 6.776699999999999818e+03
5.060000000000000000e+02 6.881150000000000546e+03
7.060000000000000000e+02 6.946850000000000364e+03
7.780000000000000000e+02 6.947900000000000546e+03
6.020000000000000000e+02 6.982699999999999818e+03
6.420000000000000000e+02 6.999050000000000182e+03
7.940000000000000000e+02 7.036800000000000182e+03
6.660000000000000000e+02 7.079650000000000546e+03
7.380000000000000000e+02 7.169600000000000364e+03
6.020000000000000000e+02 7.182199999999999818e+03
6.900000000000000000e+02 7.360400000000000546e+03
6.740000000000000000e+02 7.428850000000000364e+03
6.340000000000000000e+02 7.459300000000000182e+03
7.860000000000000000e+02 7.551550000000000182e+03
6.900000000000000000e+02 7.612900000000000546e+03
7.220000000000000000e+02 7.613699999999999818e+03
4.580000000000000000e+02 7.615650000000000546e+03
5.140000000000000000e+02 7.655550000000000182e+03
5.700000000000000000e+02 7.680050000000000182e+03
7.460000000000000000e+02 7.723850000000000364e+03
7.140000000000000000e+02 7.727300000000000182e+03
4.420000000000000000e+02 7.733449999999999818e+03
5.220000000000000000e+02 7.748800000000000182e+03
5.540000000000000000e+02 7.785500000000000000e+03
6.420000000000000000e+02 7.825199999999999818e+03
7.380000000000000000e+02 7.840150000000000546e+03
5.140000000000000000e+02 7.849850000000000364e+03
4.420000000000000000e+02 7.857199999999999818e+03
4.500000000000000000e+02 7.862449999999999818e+03
5.620000000000000000e+02 7.875150000000000546e+03
4.580000000000000000e+02 7.942949999999999818e+03
7.540000000000000000e+02 7.994699999999999818e+03
7.860000000000000000e+02 8.032150000000000546e+03
5.380000000000000000e+02 8.087150000000000546e+03
5.940000000000000000e+02 8.114350000000000364e+03
6.740000000000000000e+02 8.171600000000000364e+03
5.460000000000000000e+02 8.197649999999999636e+03
4.100000000000000000e+02 8.370000000000000000e+03
7.140000000000000000e+02 8.436100000000000364e+03
6.180000000000000000e+02 8.474899999999999636e+03
4.980000000000000000e+02 8.505000000000000000e+03
7.060000000000000000e+02 8.511399999999999636e+03
4.180000000000000000e+02 8.527750000000000000e+03
5.860000000000000000e+02 8.596250000000000000e+03
5.460000000000000000e+02 8.603149999999999636e+03
6.100000000000000000e+02 8.625100000000000364e+03
4.340000000000000000e+02 8.629049999999999272e+03
5.540000000000000000e+02 8.698899999999999636e+03
4.500000000000000000e+02 8.699600000000000364e+03
6.340000000000000000e+02 8.728000000000000000e+03
6.340000000000000000e+02 8.822350000000000364e+03
4.020000000000000000e+02 8.853550000000001091e+03
6.420000000000000000e+02 8.856300000000001091e+03
6.100000000000000000e+02 8.885200000000000728e+03
5.860000000000000000e+02 8.936500000000000000e+03
7.700000000000000000e+02 8.985100000000000364e+03
5.540000000000000000e+02 8.993350000000000364e+03
4.110000000000000000e+02 1.440999999999999943e+02
4.750000000000000000e+02 1.535500000000000114e+02
6.030000000000000000e+02 1.761500000000000057e+02
5.310000000000000000e+02 1.785000000000000000e+02
4.030000000000000000e+02 2.298499999999999943e+02
5.470000000000000000e+02 2.716999999999999886e+02
5.310000000000000000e+02 2.841000000000000227e+02
5.230000000000000000e+02 3.106000000000000227e+02
5.950000000000000000e+02 4.010000000000000000e+02
5.150000000000000000e+02 4.778500000000000227e+02
5.870000000000000000e+02 4.815000000000000000e+02
6.190000000000000000e+02 5.308999999999999773e+02
6.350000000000000000e+02 5.611499999999999773e+02
4.510000000000000000e+02 5.618000000000000682e+02
4.350000000000000000e+02 6.807000000000000455e+02
4.510000000000000000e+02 6.965500000000000682e+02
4.110000000000000000e+02 7.230000000000000000e+02
7.150000000000000000e+02 7.481000000000000227e+02
5.710000000000000000e+02 7.523999999999999773e+02
4.910000000000000000e+02 7.888000000000000682e+02
5.230000000000000000e+02 7.907500000000000000e+02
7.470000000000000000e+02 8.055500000000000682e+02
4.910000000000000000e+02 8.592000000000000455e+02
6.270000000000000000e+02 9.122000000000000455e+02
7.070000000000000000e+02 9.626000000000000227e+02
6.910000000000000000e+02 1.045900000000000091e+03
7.630000000000000000e+02 1.067849999999999909e+03
4.510000000000000000e+02 1.116650000000000091e+03
6.830000000000000000e+02 1.223049999999999955e+03
4.350000000000000000e+02 1.271400000000000091e+03
6.510000000000000000e+02 1.312299999999999955e+03
6.750000000000000000e+02 1.337100000000000136e+03
6.430000000000000000e+02 1.392400000000000091e+03
5.790000000000000000e+02 1.403000000000000000e+03
4.590000000000000000e+02 1.458299999999999955e+03
6.830000000000000000e+02 1.498250000000000000e+03
6.270000000000000000e+02 1.511600000000000136e+03
6.430000000000000000e+02 1.549150000000000091e+03
4.430000000000000000e+02 1.565950000000000045e+03
7.470000000000000000e+02 1.572650000000000091e+03
5.390000000000000000e+02 1.631950000000000045e+03
5.390000000000000000e+02 1.735350000000000136e+03
4.590000000000000000e+02 1.773299999999999955e+03
7.710000000000000000e+02 1.775100000000000136e+03
4.190000000000000000e+02 1.776450000000000045e+03
7.950000000000000000e+02 1.781900000000000091e+03
6.350000000000000000e+02 1.801799999999999955e+03
6.030000000000000000e+02 1.805000000000000000e+03
5.550000000000000000e+02 1.892250000000000000e+03
5.950000000000000000e+02 1.906250000000000000e+03
5.470000000000000000e+02 1.913200000000000045e+03
6.030000000000000000e+02 1.923250000000000000e+03
7.070000000000000000e+02 1.996549999999999955e+03
6.430000000000000000e+02 2.028549999999999955e+03
7.230000000000000000e+02 2.067300000000000182e+03
7.390000000000000000e+02 2.097300000000000182e+03
4.830000000000000000e+02 2.113150000000000091e+03
6.670000000000000000e+02 2.129300000000000182e+03
4.350000000000000000e+02 2.198750000000000000e+03
5.950000000000000000e+02 2.236300000000000182e+03
4.350000000000000000e+02 2.263250000000000000e+03
4.190000000000000000e+02 2.285950000000000273e+03
6.590000000000000000e+02 2.292000000000000000e+03
5.470000000000000000e+02 2.339650000000000091e+03
4.670000000000000000e+02 2.359300000000000182e+03
6.110000000000000000e+02 2.385900000000000091e+03
7.950000000000000000e+02 2.612000000000000000e+03
6.830000000000000000e+02 2.652050000000000182e+03
7.390000000000000000e+02 2.654349999999999909e+03
4.270000000000000000e+02 2.758950000000000273e+03
5.950000000000000000e+02 2.796099999999999909e+03
6.030000000000000000e+02 2.855450000000000273e+03
5.950000000000000000e+02 2.937599999999999909e+03
5.150000000000000000e+02 3.024500000000000000e+03
4.750000000000000000e+02 3.291900000000000091e+03
6.670000000000000000e+02 3.387700000000000273e+03
6.510000000000000000e+02 3.502700000000000273e+03
7.150000000000000000e+02 3.692300000000000182e+03
6.270000000000000000e+02 3.702599999999999909e+03
5.230000000000000000e+02 3.768150000000000091e+03
5.950000000000000000e+02 3.773599999999999909e+03
7.310000000000000000e+02 3.823450000000000273e+03
4.030000000000000000e+02 3.882000000000000000e+03
6.190000000000000000e+02 4.078000000000000000e+03
6.510000000000000000e+02 4.078450000000000273e+03
6.750000000000000000e+02 4.306350000000000364e+03
5.790000000000000000e+02 4.328949999999999818e+03
6.750000000000000000e+02 4.441199999999999818e+03
7.390000000000000000e+02 4.699449999999999818e+03
7.150000000000000000e+02 4.869699999999999818e+03
6.430000000000000000e+02 4.933650000000000546e+03
5.150000000000000000e+02 4.937500000000000000e+03
5.150000000000000000e+02 5.181100000000000364e+03
6.670000000000000000e+02 5.439199999999999818e+03
7.230000000000000000e+02 5.712449999999999818e+03
5.870000000000000000e+02 5.998199999999999818e+03
7.630000000000000000e+02 6.003699999999999818e+03
6.430000000000000000e+02 6.107500000000000000e+03
6.030000000000000000e+02 6.109500000000000000e+03
5.790000000000000000e+02 6.121000000000000000e+03
6.830000000000000000e+02 6.136750000000000000e+03
7.630000000000000000e+02 6.157150000000000546e+03
4.190000000000000000e+02 6.157300000000000182e+03
4.670000000000000000e+02 6.165500000000000000e+03
5.950000000000000000e+02 6.165650000000000546e+03
6.510000000000000000e+02 6.181600000000000364e+03
4.590000000000000000e+02 6.187150000000000546e+03
6.270000000000000000e+02 6.190100000000000364e+03
6.590000000000000000e+02 6.214250000000000000e+03
4.990000000000000000e+02 6.247699999999999818e+03
6.110000000000000000e+02 6.262699999999999818e+03
6.590000000000000000e+02 6.323949999999999818e+03
5.470000000000000000e+02 6.357949999999999818e+03
7.070000000000000000e+02 6.365199999999999818e+03
6.030000000000000000e+02 6.369699999999999818e+03
7.790000000000000000e+02 6.460400000000000546e+03
4.510000000000000000e+02 6.533600000000000364e+03
5.390000000000000000e+02 6.574400000000000546e+03
5.870000000000000000e+02 6.574850000000000364e+03
4.190000000000000000e+02 6.623699999999999818e+03
5.390000000000000000e+02 6.664500000000000000e+03
7.630000000000000000e+02 6.711250000000000000e+03
6.590000000000000000e+02 6.727250000000000000e+03
7.950000000000000000e+02 6.744449999999999818e+03
5.230000000000000000e+02 6.839150000000000546e+03
5.550000000000000000e+02 6.887699999999999818e+03
4.270000000000000000e+02 6.919199999999999818e+03
6.990000000000000000e+02 6.925699999999999818e+03
7.710000000000000000e+02 6.942900000000000546e+03
4.110000000000000000e+02 6.949850000000000364e+03
7.150000000000000000e+02 6.969250000000000000e+03
5.230000000000000000e+02 7.021949999999999818e+03
4.830000000000000000e+02 7.075000000000000000e+03
5.790000000000000000e+02 7.132650000000000546e+03
7.870000000000000000e+02 7.135900000000000546e+03
7.150000000000000000e+02 7.218949999999999818e+03
5.070000000000000000e+02 7.219100000000000364e+03
7.630000000000000000e+02 7.228199999999999818e+03
6.190000000000000000e+02 7.247699999999999818e+03
6.430000000000000000e+02 7.316250000000000000e+03
6.510000000000000000e+02 7.323449999999999818e+03
7.390000000000000000e+02 7.372050000000000182e+03
5.390000000000000000e+02 7.498449999999999818e+03
7.870000000000000000e+02 7.542850000000000364e+03
6.350000000000000000e+02 7.581550000000000182e+03
6.750000000000000000e+02 7.587699999999999818e+03
6.190000000000000000e+02 7.615400000000000546e+03
6.350000000000000000e+02 7.643600000000000364e+03
4.430000000000000000e+02 7.646350000000000364e+03
7.790000000000000000e+02 7.661500000000000000e+03
5.550000000000000000e+02 7.728900000000000546e+03
5.230000000000000000e+02 7.739300000000000182e+03
7.150000000000000000e+02 7.850400000000000546e+03
7.390000000000000000e+02 7.869850000000000364e+03
5.790000000000000000e+02 8.035100000000000364e+03
5.070000000000000000e+02 8.071699999999999818e+03
6.430000000000000000e+02 8.091150000000000546e+03
6.510000000000000000e+02 8.172550000000000182e+03
4.990000000000000000e+02 8.188550000000000182e+03
7.870000000000000000e+02 8.260350000000000364e+03
6.110000000000000000e+02 8.263350000000000364e+03
7.710000000000000000e+02 8.282600000000000364e+03
5.710000000000000000e+02 8.286399999999999636e+03
4.990000000000000000e+02 8.296350000000000364e+03
5.870000000000000000e+02 8.348149999999999636e+03
5.390000000000000000e+02 8.352149999999999636e+03
6.510000000000000000e+02 8.355200000000000728e+03
7.470000000000000000e+02 8.356950000000000728e+03
6.590000000000000000e+02 8.367649999999999636e+03
5.870000000000000000e+02 8.433950000000000728e+03
7.790000000000000000e+02 8.505250000000000000e+03
6.830000000000000000e+02 8.528799999999999272e+03
4.510000000000000000e+02 8.583450000000000728e+03
6.510000000000000000e+02 8.596149999999999636e+03
7.390000000000000000e+02 8.617299999999999272e+03
6.190000000000000000e+02 8.626750000000000000e+03
6.030000000000000000e+02 8.832100000000000364e+03
7.310000000000000000e+02 8.835200000000000728e+03
6.510000000000000000e+02 8.861149999999999636e+03
6.190000000000000000e+02 8.878700000000000728e+03
7.870000000000000000e+02 8.894300000000001091e+03
4.510000000000000000e+02 8.917250000000000000e+03
4.190000000000000000e+02 8.983950000000000728e+03
4.440000000000000000e+02 1.357500000000000000e+02
5.320000000000000000e+02 2.072000000000000171e+02
7.000000000000000000e+02 2.213499999999999943e+02
7.880000000000000000e+02 2.312500000000000000e+02
4.760000000000000000e+02 2.385500000000000114e+02
4.520000000000000000e+02 2.981000000000000227e+02
6.760000000000000000e+02 3.476000000000000227e+02
7.800000000000000000e+02 3.638500000000000227e+02
5.400000000000000000e+02 4.353500000000000227e+02
7.160000000000000000e+02 4.564000000000000341e+02
5.160000000000000000e+02 4.682500000000000000e+02
6.200000000000000000e+02 5.395000000000000000e+02
5.320000000000000000e+02 5.398999999999999773e+02
7.480000000000000000e+02 5.706000000000000227e+02
4.600000000000000000e+02 5.793500000000000227e+02
7.400000000000000000e+02 7.158999999999999773e+02
5.960000000000000000e+02 7.657000000000000455e+02
5.880000000000000000e+02 7.898500000000000227e+02
4.120000000000000000e+02 8.176000000000000227e+02
7.720000000000000000e+02 8.583999999999999773e+02
6.200000000000000000e+02 8.942500000000000000e+02
4.920000000000000000e+02 9.012500000000000000e+02
7.960000000000000000e+02 9.030000000000000000e+02
5.960000000000000000e+02 9.687000000000000455e+02
5.160000000000000000e+02 1.050250000000000000e+03
4.040000000000000000e+02 1.053799999999999955e+03
4.840000000000000000e+02 1.086650000000000091e+03
4.440000000000000000e+02 1.112299999999999955e+03
5.880000000000000000e+02 1.151650000000000091e+03
5.000000000000000000e+02 1.152600000000000136e+03
7.080000000000000000e+02 1.190700000000000045e+03
5.480000000000000000e+02 1.193450000000000045e+03
7.240000000000000000e+02 1.233750000000000000e+03
4.520000000000000000e+02 1.271450000000000045e+03
4.360000000000000000e+02 1.276350000000000136e+03
7.080000000000000000e+02 1.277750000000000000e+03
4.040000000000000000e+02 1.317350000000000136e+03
6.520000000000000000e+02 1.341549999999999955e+03
7.960000000000000000e+02 1.342549999999999955e+03
7.880000000000000000e+02 1.355299999999999955e+03
6.680000000000000000e+02 1.385700000000000045e+03
4.360000000000000000e+02 1.416350000000000136e+03
4.120000000000000000e+02 1.440799999999999955e+03
4.840000000000000000e+02 1.485200000000000045e+03
7.320000000000000000e+02 1.548450000000000045e+03
5.080000000000000000e+02 1.559250000000000000e+03
5.880000000000000000e+02 1.633150000000000091e+03
5.720000000000000000e+02 1.634299999999999955e+03
4.840000000000000000e+02 1.712250000000000000e+03
7.720000000000000000e+02 1.737650000000000091e+03
5.880000000000000000e+02 1.746000000000000000e+03
7.400000000000000000e+02 1.753700000000000045e+03
6.840000000000000000e+02 1.754750000000000000e+03
4.040000000000000000e+02 1.788400000000000091e+03
4.840000000000000000e+02 1.810850000000000136e+03
7.960000000000000000e+02 1.831299999999999955e+03
7.800000000000000000e+02 1.853450000000000045e+03
6.840000000000000000e+02 1.855049999999999955e+03
5.800000000000000000e+02 1.859799999999999955e+03
5.080000000000000000e+02 1.978350000000000136e+03
5.720000000000000000e+02 1.978350000000000136e+03
7.320000000000000000e+02 2.021299999999999955e+03
5.160000000000000000e+02 2.047049999999999955e+03
6.920000000000000000e+02 2.074199999999999818e+03
4.600000000000000000e+02 2.110750000000000000e+03
4.280000000000000000e+02 2.185750000000000000e+03
7.160000000000000000e+02 2.226300000000000182e+03
7.240000000000000000e+02 2.236000000000000000e+03
5.160000000000000000e+02 2.340450000000000273e+03
6.920000000000000000e+02 2.388800000000000182e+03
4.120000000000000000e+02 2.405450000000000273e+03
7.960000000000000000e+02 2.436650000000000091e+03
5.880000000000000000e+02 2.439050000000000182e+03
6.840000000000000000e+02 2.509599999999999909e+03
5.960000000000000000e+02 2.532450000000000273e+03
7.800000000000000000e+02 2.533250000000000000e+03
5.560000000000000000e+02 2.560700000000000273e+03
5.720000000000000000e+02 2.653750000000000000e+03
4.840000000000000000e+02 2.670500000000000000e+03
4.760000000000000000e+02 2.808150000000000091e+03
4.360000000000000000e+02 2.811800000000000182e+03
5.640000000000000000e+02 2.829950000000000273e+03
5.400000000000000000e+02 2.848200000000000273e+03
5.000000000000000000e+02 2.887250000000000000e+03
6.120000000000000000e+02 2.915250000000000000e+03
7.080000000000000000e+02 2.950099999999999909e+03
4.760000000000000000e+02 2.989599999999999909e+03
7.960000000000000000e+02 3.021450000000000273e+03
5.080000000000000000e+02 3.253300000000000182e+03
7.000000000000000000e+02 3.262650000000000091e+03
4.840000000000000000e+02 3.506250000000000000e+03
7.000000000000000000e+02 3.563200000000000273e+03
7.800000000000000000e+02 3.621000000000000000e+03
7.480000000000000000e+02 3.743950000000000273e+03
7.000000000000000000e+02 3.745450000000000273e+03
7.080000000000000000e+02 3.776300000000000182e+03
6.600000000000000000e+02 3.813599999999999909e+03
4.280000000000000000e+02 3.919849999999999909e+03
6.600000000000000000e+02 4.444750000000000000e+03
6.840000000000000000e+02 4.531850000000000364e+03
5.080000000000000000e+02 4.560250000000000000e+03
6.040000000000000000e+02 4.564500000000000000e+03
5.320000000000000000e+02 4.761050000000000182e+03
4.440000000000000000e+02 5.291050000000000182e+03
5.480000000000000000e+02 5.631900000000000546e+03
4.040000000000000000e+02 6.075000000000000000e+03
7.480000000000000000e+02 6.079100000000000364e+03
6.600000000000000000e+02 6.152050000000000182e+03
4.600000000000000000e+02 6.188000000000000000e+03
5.320000000000000000e+02 6.228449999999999818e+03
4.360000000000000000e+02 6.278750000000000000e+03
7.960000000000000000e+02 6.280050000000000182e+03
7.480000000000000000e+02 6.291250000000000000e+03
7.800000000000000000e+02 6.325000000000000000e+03
6.840000000000000000e+02 6.327600000000000364e+03
5.320000000000000000e+02 6.333900000000000546e+03
4.040000000000000000e+02 6.381199999999999818e+03
6.680000000000000000e+02 6.398750000000000000e+03
5.000000000000000000e+02 6.406800000000000182e+03
5.880000000000000000e+02 6.454100000000000364e+03
4.760000000000000000e+02 6.549600000000000364e+03
6.440000000000000000e+02 6.550550000000000182e+03
6.760000000000000000e+02 6.555800000000000182e+03
7.320000000000000000e+02 6.567750000000000000e+03
7.240000000000000000e+02 6.601000000000000000e+03
5.400000000000000000e+02 6.629150000000000546e+03
5.800000000000000000e+02 6.654300000000000182e+03
6.920000000000000000e+02 6.683750000000000000e+03
7.640000000000000000e+02 6.693000000000000000e+03
5.160000000000000000e+02 6.713449999999999818e+03
6.040000000000000000e+02 6.741949999999999818e+03
6.760000000000000000e+02 6.808800000000000182e+03
5.320000000000000000e+02 6.820850000000000364e+03
5.400000000000000000e+02 6.915650000000000546e+03
5.800000000000000000e+02 6.981350000000000364e+03
7.320000000000000000e+02 7.057000000000000000e+03
6.360000000000000000e+02 7.106550000000000182e+03
5.960000000000000000e+02 7.188699999999999818e+03
4.280000000000000000e+02 7.193449999999999818e+03
4.040000000000000000e+02 7.245500000000000000e+03
4.520000000000000000e+02 7.308650000000000546e+03
6.440000000000000000e+02 7.349550000000000182e+03
5.400000000000000000e+02 7.358000000000000000e+03
7.800000000000000000e+02 7.459050000000000182e+03
7.880000000000000000e+02 7.556550000000000182e+03
7.080000000000000000e+02 7.578650000000000546e+03
5.000000000000000000e+02 7.587300000000000182e+03
7.720000000000000000e+02 7.649300000000000182e+03
4.360000000000000000e+02 7.684199999999999818e+03
5.560000000000000000e+02 7.786699999999999818e+03
4.840000000000000000e+02 7.810699999999999818e+03
5.880000000000000000e+02 8.062650000000000546e+03
4.040000000000000000e+02 8.104850000000000364e+03
7.000000000000000000e+02 8.130400000000000546e+03
4.760000000000000000e+02 8.146350000000000364e+03
6.120000000000000000e+02 8.175250000000000000e+03
5.080000000000000000e+02 8.280350000000000364e+03
7.720000000000000000e+02 8.293549999999999272e+03
5.960000000000000000e+02 8.335899999999999636e+03
4.120000000000000000e+02 8.380299999999999272e+03
6.840000000000000000e+02 8.399899999999999636e+03
7.480000000000000000e+02 8.414299999999999272e+03
5.400000000000000000e+02 8.436049999999999272e+03
7.320000000000000000e+02 8.460549999999999272e+03
4.360000000000000000e+02 8.495750000000000000e+03
7.240000000000000000e+02 8.620149999999999636e+03
5.960000000000000000e+02 8.679799999999999272e+03
6.200000000000000000e+02 8.712000000000000000e+03
6.520000000000000000e+02 8.785600000000000364e+03
5.320000000000000000e+02 8.854649999999999636e+03
6.520000000000000000e+02 8.857700000000000728e+03
7.320000000000000000e+02 8.883899999999999636e+03
5.160000000000000000e+02 8.984000000000000000e+03
7.970000000000000000e+02 1.326500000000000057e+02
5.090000000000000000e+02 2.080000000000000000e+02
5.330000000000000000e+02 2.816500000000000341e+02
5.010000000000000000e+02 3.036500000000000341e+02
7.410000000000000000e+02 3.197500000000000000e+02
4.690000000000000000e+02 3.268000000000000114e+02
6.930000000000000000e+02 4.060000000000000000e+02
7.730000000000000000e+02 4.248500000000000227e+02
6.130000000000000000e+02 4.470000000000000000e+02
4.690000000000000000e+02 4.668000000000000114e+02
5.010000000000000000e+02 5.137500000000000000e+02
6.050000000000000000e+02 5.856499999999999773e+02
5.170000000000000000e+02 7.100000000000000000e+02
6.690000000000000000e+02 7.139500000000000455e+02
6.770000000000000000e+02 7.960500000000000682e+02
6.690000000000000000e+02 8.015500000000000682e+02
6.290000000000000000e+02 8.091000000000000227e+02
7.090000000000000000e+02 8.898000000000000682e+02
4.210000000000000000e+02 9.072000000000000455e+02
7.810000000000000000e+02 9.828999999999999773e+02
4.930000000000000000e+02 9.908999999999999773e+02
7.570000000000000000e+02 1.004399999999999977e+03
7.250000000000000000e+02 1.066349999999999909e+03
5.250000000000000000e+02 1.070799999999999955e+03
4.690000000000000000e+02 1.073150000000000091e+03
7.970000000000000000e+02 1.101350000000000136e+03
5.490000000000000000e+02 1.130799999999999955e+03
5.410000000000000000e+02 1.132000000000000000e+03
4.850000000000000000e+02 1.174100000000000136e+03
4.610000000000000000e+02 1.174200000000000045e+03
4.290000000000000000e+02 1.236650000000000091e+03
6.370000000000000000e+02 1.258000000000000000e+03
6.370000000000000000e+02 1.391850000000000136e+03
4.850000000000000000e+02 1.406500000000000000e+03
6.210000000000000000e+02 1.532400000000000091e+03
6.290000000000000000e+02 1.612600000000000136e+03
7.330000000000000000e+02 1.745000000000000000e+03
5.490000000000000000e+02 1.778600000000000136e+03
4.290000000000000000e+02 1.828600000000000136e+03
7.970000000000000000e+02 1.834850000000000136e+03
6.770000000000000000e+02 1.867400000000000091e+03
4.290000000000000000e+02 1.944000000000000000e+03
6.290000000000000000e+02 1.952950000000000045e+03
4.450000000000000000e+02 1.987950000000000045e+03
5.810000000000000000e+02 2.027000000000000000e+03
6.290000000000000000e+02 2.054449999999999818e+03
5.970000000000000000e+02 2.186650000000000091e+03
7.730000000000000000e+02 2.262550000000000182e+03
7.090000000000000000e+02 2.316500000000000000e+03
7.250000000000000000e+02 2.323099999999999909e+03
4.290000000000000000e+02 2.368150000000000091e+03
5.570000000000000000e+02 2.378500000000000000e+03
5.090000000000000000e+02 2.400150000000000091e+03
4.210000000000000000e+02 2.427099999999999909e+03
7.570000000000000000e+02 2.428750000000000000e+03
7.730000000000000000e+02 2.429000000000000000e+03
6.610000000000000000e+02 2.437250000000000000e+03
6.130000000000000000e+02 2.444550000000000182e+03
7.330000000000000000e+02 2.448750000000000000e+03
6.770000000000000000e+02 2.538099999999999909e+03
7.250000000000000000e+02 2.573800000000000182e+03
4.930000000000000000e+02 2.596800000000000182e+03
6.930000000000000000e+02 2.601050000000000182e+03
5.330000000000000000e+02 2.614900000000000091e+03
7.810000000000000000e+02 2.621500000000000000e+03
6.290000000000000000e+02 2.695849999999999909e+03
7.090000000000000000e+02 2.725099999999999909e+03
7.250000000000000000e+02 2.752950000000000273e+03
4.370000000000000000e+02 2.758099999999999909e+03
7.570000000000000000e+02 2.770800000000000182e+03
4.610000000000000000e+02 2.808150000000000091e+03
7.090000000000000000e+02 2.853450000000000273e+03
7.490000000000000000e+02 2.866300000000000182e+03
5.810000000000000000e+02 2.947550000000000182e+03
4.130000000000000000e+02 2.971000000000000000e+03
4.770000000000000000e+02 3.001450000000000273e+03
4.210000000000000000e+02 3.009950000000000273e+03
6.290000000000000000e+02 3.038650000000000091e+03
5.250000000000000000e+02 3.042700000000000273e+03
5.010000000000000000e+02 3.255099999999999909e+03
4.290000000000000000e+02 3.319349999999999909e+03
5.730000000000000000e+02 3.333950000000000273e+03
6.450000000000000000e+02 3.586349999999999909e+03
5.010000000000000000e+02 3.775550000000000182e+03
4.210000000000000000e+02 4.021000000000000000e+03
7.250000000000000000e+02 4.206250000000000000e+03
6.530000000000000000e+02 4.281899999999999636e+03
4.290000000000000000e+02 4.405550000000000182e+03
6.290000000000000000e+02 4.604199999999999818e+03
6.690000000000000000e+02 4.779250000000000000e+03
7.650000000000000000e+02 4.982550000000000182e+03
7.090000000000000000e+02 5.054100000000000364e+03
4.930000000000000000e+02 5.289449999999999818e+03
6.290000000000000000e+02 6.149650000000000546e+03
5.890000000000000000e+02 6.168949999999999818e+03
6.850000000000000000e+02 6.225550000000000182e+03
6.290000000000000000e+02 6.241800000000000182e+03
4.130000000000000000e+02 6.268400000000000546e+03
4.850000000000000000e+02 6.301250000000000000e+03
7.490000000000000000e+02 6.332949999999999818e+03
4.210000000000000000e+02 6.348100000000000364e+03
4.690000000000000000e+02 6.396250000000000000e+03
6.610000000000000000e+02 6.607300000000000182e+03
4.050000000000000000e+02 6.647150000000000546e+03
5.890000000000000000e+02 6.691600000000000364e+03
7.330000000000000000e+02 6.720350000000000364e+03
6.930000000000000000e+02 6.877600000000000364e+03
4.050000000000000000e+02 7.033449999999999818e+03
7.170000000000000000e+02 7.039800000000000182e+03
7.890000000000000000e+02 7.088699999999999818e+03
5.810000000000000000e+02 7.091699999999999818e+03
5.090000000000000000e+02 7.092100000000000364e+03
6.930000000000000000e+02 7.109100000000000364e+03
6.370000000000000000e+02 7.146949999999999818e+03
6.690000000000000000e+02 7.169600000000000364e+03
6.770000000000000000e+02 7.236050000000000182e+03
7.090000000000000000e+02 7.307800000000000182e+03
5.090000000000000000e+02 7.309550000000000182e+03
7.810000000000000000e+02 7.346400000000000546e+03
7.410000000000000000e+02 7.521000000000000000e+03
6.050000000000000000e+02 7.573800000000000182e+03
5.970000000000000000e+02 7.587900000000000546e+03
4.450000000000000000e+02 7.609150000000000546e+03
4.690000000000000000e+02 7.624600000000000364e+03
6.370000000000000000e+02 7.655600000000000364e+03
4.450000000000000000e+02 7.775699999999999818e+03
7.170000000000000000e+02 7.794000000000000000e+03
4.930000000000000000e+02 7.878750000000000000e+03
6.050000000000000000e+02 7.919800000000000182e+03
7.090000000000000000e+02 7.967300000000000182e+03
6.450000000000000000e+02 7.971000000000000000e+03
7.650000000000000000e+02 8.118600000000000364e+03
5.490000000000000000e+02 8.154250000000000000e+03
5.250000000000000000e+02 8.171850000000000364e+03
5.170000000000000000e+02 8.236299999999999272e+03
7.650000000000000000e+02 8.244350000000000364e+03
4.050000000000000000e+02 8.251049999999999272e+03
5.810000000000000000e+02 8.252649999999999636e+03
6.130000000000000000e+02 8.307049999999999272e+03
5.730000000000000000e+02 8.311450000000000728e+03
7.810000000000000000e+02 8.362799999999999272e+03
6.290000000000000000e+02 8.364399999999999636e+03
6.210000000000000000e+02 8.366600000000000364e+03
6.930000000000000000e+02 8.423250000000000000e+03
7.890000000000000000e+02 8.628899999999999636e+03
6.530000000000000000e+02 8.663600000000000364e+03
4.130000000000000000e+02 8.668600000000000364e+03
7.970000000000000000e+02 8.684549999999999272e+03
5.010000000000000000e+02 8.736649999999999636e+03
4.610000000000000000e+02 8.785950000000000728e+03
4.290000000000000000e+02 8.858700000000000728e+03
5.890000000000000000e+02 8.872300000000001091e+03
4.290000000000000000e+02 8.958000000000000000e+03
5.570000000000000000e+02 8.995850000000000364e+03
7.100000000000000000e+02 1.015499999999999972e+02
6.140000000000000000e+02 1.133500000000000085e+02
6.380000000000000000e+02 1.674000000000000057e+02
5.900000000000000000e+02 1.907000000000000171e+02
4.220000000000000000e+02 2.495000000000000000e+02
4.460000000000000000e+02 2.520000000000000000e+02
6.460000000000000000e+02 2.633999999999999773e+02
6.300000000000000000e+02 2.646999999999999886e+02
4.620000000000000000e+02 3.137500000000000000e+02
5.980000000000000000e+02 3.602500000000000000e+02
5.500000000000000000e+02 4.001999999999999886e+02
4.540000000000000000e+02 4.098000000000000114e+02
6.700000000000000000e+02 4.268000000000000114e+02
5.980000000000000000e+02 4.352500000000000000e+02
5.020000000000000000e+02 5.472500000000000000e+02
5.340000000000000000e+02 5.500000000000000000e+02
7.900000000000000000e+02 6.117500000000000000e+02
7.180000000000000000e+02 7.569500000000000455e+02
7.580000000000000000e+02 8.309500000000000455e+02
4.540000000000000000e+02 8.520000000000000000e+02
7.820000000000000000e+02 8.897000000000000455e+02
7.180000000000000000e+02 9.108000000000000682e+02
7.100000000000000000e+02 9.202500000000000000e+02
4.140000000000000000e+02 9.475000000000000000e+02
6.940000000000000000e+02 9.519500000000000455e+02
4.620000000000000000e+02 1.127100000000000136e+03
5.020000000000000000e+02 1.187549999999999955e+03
5.420000000000000000e+02 1.190950000000000045e+03
6.140000000000000000e+02 1.193450000000000045e+03
4.620000000000000000e+02 1.251250000000000000e+03
7.980000000000000000e+02 1.277450000000000045e+03
7.260000000000000000e+02 1.303950000000000045e+03
5.740000000000000000e+02 1.304150000000000091e+03
4.780000000000000000e+02 1.304900000000000091e+03
6.860000000000000000e+02 1.372150000000000091e+03
6.940000000000000000e+02 1.380500000000000000e+03
6.780000000000000000e+02 1.475500000000000000e+03
6.060000000000000000e+02 1.481250000000000000e+03
6.940000000000000000e+02 1.523049999999999955e+03
6.380000000000000000e+02 1.538250000000000000e+03
4.540000000000000000e+02 1.551700000000000045e+03
5.020000000000000000e+02 1.592400000000000091e+03
5.820000000000000000e+02 1.598850000000000136e+03
5.740000000000000000e+02 1.604200000000000045e+03
4.300000000000000000e+02 1.607350000000000136e+03
7.020000000000000000e+02 1.642250000000000000e+03
5.020000000000000000e+02 1.704850000000000136e+03
6.620000000000000000e+02 1.716900000000000091e+03
7.820000000000000000e+02 1.787400000000000091e+03
6.700000000000000000e+02 1.790000000000000000e+03
7.340000000000000000e+02 1.805549999999999955e+03
4.380000000000000000e+02 1.822900000000000091e+03
4.220000000000000000e+02 1.831299999999999955e+03
7.980000000000000000e+02 1.903900000000000091e+03
7.020000000000000000e+02 1.928549999999999955e+03
6.220000000000000000e+02 1.940100000000000136e+03
6.700000000000000000e+02 2.010850000000000136e+03
4.140000000000000000e+02 2.012650000000000091e+03
5.580000000000000000e+02 2.031000000000000000e+03
5.980000000000000000e+02 2.052050000000000182e+03
5.900000000000000000e+02 2.064400000000000091e+03
6.140000000000000000e+02 2.069849999999999909e+03
4.140000000000000000e+02 2.099099999999999909e+03
5.020000000000000000e+02 2.236450000000000273e+03
6.700000000000000000e+02 2.240950000000000273e+03
4.140000000000000000e+02 2.247800000000000182e+03
7.660000000000000000e+02 2.286400000000000091e+03
6.620000000000000000e+02 2.312650000000000091e+03
4.300000000000000000e+02 2.318550000000000182e+03
4.460000000000000000e+02 2.354250000000000000e+03
6.620000000000000000e+02 2.434849999999999909e+03
7.900000000000000000e+02 2.437200000000000273e+03
6.460000000000000000e+02 2.511800000000000182e+03
7.580000000000000000e+02 2.519599999999999909e+03
4.540000000000000000e+02 2.573800000000000182e+03
4.220000000000000000e+02 2.618550000000000182e+03
5.900000000000000000e+02 2.665300000000000182e+03
6.540000000000000000e+02 2.763700000000000273e+03
4.380000000000000000e+02 2.788650000000000091e+03
4.460000000000000000e+02 2.790349999999999909e+03
6.300000000000000000e+02 2.889550000000000182e+03
7.900000000000000000e+02 2.932250000000000000e+03
5.580000000000000000e+02 3.118849999999999909e+03
4.140000000000000000e+02 3.185000000000000000e+03
5.740000000000000000e+02 3.187700000000000273e+03
6.380000000000000000e+02 3.215200000000000273e+03
7.260000000000000000e+02 3.429400000000000091e+03
5.740000000000000000e+02 3.585200000000000273e+03
6.220000000000000000e+02 3.712300000000000182e+03
4.780000000000000000e+02 3.741200000000000273e+03
5.020000000000000000e+02 3.821300000000000182e+03
5.740000000000000000e+02 3.828400000000000091e+03
6.140000000000000000e+02 3.933849999999999909e+03
4.780000000000000000e+02 4.014950000000000273e+03
5.420000000000000000e+02 4.025200000000000273e+03
6.620000000000000000e+02 4.219449999999999818e+03
7.020000000000000000e+02 4.409550000000000182e+03
5.180000000000000000e+02 4.446100000000000364e+03
6.540000000000000000e+02 4.487900000000000546e+03
6.460000000000000000e+02 4.631300000000000182e+03
5.660000000000000000e+02 4.651850000000000364e+03
4.540000000000000000e+02 4.789500000000000000e+03
7.340000000000000000e+02 4.840699999999999818e+03
6.540000000000000000e+02 5.123800000000000182e+03
5.660000000000000000e+02 5.377850000000000364e+03
7.020000000000000000e+02 5.786650000000000546e+03
5.500000000000000000e+02 6.044900000000000546e+03
4.460000000000000000e+02 6.048650000000000546e+03
5.420000000000000000e+02 6.100449999999999818e+03
7.420000000000000000e+02 6.128000000000000000e+03
6.860000000000000000e+02 6.155699999999999818e+03
5.340000000000000000e+02 6.213500000000000000e+03
6.220000000000000000e+02 6.220449999999999818e+03
4.860000000000000000e+02 6.265900000000000546e+03
7.580000000000000000e+02 6.283250000000000000e+03
5.980000000000000000e+02 6.295699999999999818e+03
4.940000000000000000e+02 6.319750000000000000e+03
7.820000000000000000e+02 6.335750000000000000e+03
5.500000000000000000e+02 6.408699999999999818e+03
4.700000000000000000e+02 6.426050000000000182e+03
6.540000000000000000e+02 6.485300000000000182e+03
7.820000000000000000e+02 6.564400000000000546e+03
7.900000000000000000e+02 6.615100000000000364e+03
6.620000000000000000e+02 6.769850000000000364e+03
5.740000000000000000e+02 6.775449999999999818e+03
5.660000000000000000e+02 6.815699999999999818e+03
4.540000000000000000e+02 6.842600000000000364e+03
4.620000000000000000e+02 6.846100000000000364e+03
6.380000000000000000e+02 6.949250000000000000e+03
5.660000000000000000e+02 6.964900000000000546e+03
7.020000000000000000e+02 6.990250000000000000e+03
6.220000000000000000e+02 7.105850000000000364e+03
5.980000000000000000e+02 7.117400000000000546e+03
6.780000000000000000e+02 7.165400000000000546e+03
7.980000000000000000e+02 7.204500000000000000e+03
4.140000000000000000e+02 7.220350000000000364e+03
4.940000000000000000e+02 7.341600000000000364e+03
4.140000000000000000e+02 7.426750000000000000e+03
6.540000000000000000e+02 7.428449999999999818e+03
6.300000000000000000e+02 7.447000000000000000e+03
4.060000000000000000e+02 7.465750000000000000e+03
4.220000000000000000e+02 7.533400000000000546e+03
7.260000000000000000e+02 7.548100000000000364e+03
6.860000000000000000e+02 7.555699999999999818e+03
5.660000000000000000e+02 7.590600000000000364e+03
4.860000000000000000e+02 7.593250000000000000e+03
7.980000000000000000e+02 7.852850000000000364e+03
6.540000000000000000e+02 7.902000000000000000e+03
6.780000000000000000e+02 7.960750000000000000e+03
5.340000000000000000e+02 7.994850000000000364e+03
4.860000000000000000e+02 8.014100000000000364e+03
5.260000000000000000e+02 8.075100000000000364e+03
6.940000000000000000e+02 8.126199999999999818e+03
7.420000000000000000e+02 8.172650000000000546e+03
6.140000000000000000e+02 8.280850000000000364e+03
6.940000000000000000e+02 8.286450000000000728e+03
5.260000000000000000e+02 8.292149999999999636e+03
7.020000000000000000e+02 8.329600000000000364e+03
4.140000000000000000e+02 8.416500000000000000e+03
6.220000000000000000e+02 8.477600000000000364e+03
7.420000000000000000e+02 8.489299999999999272e+03
7.260000000000000000e+02 8.520750000000000000e+03
7.820000000000000000e+02 8.576100000000000364e+03
5.740000000000000000e+02 8.644100000000000364e+03
6.940000000000000000e+02 8.707399999999999636e+03
7.740000000000000000e+02 8.729649999999999636e+03
6.860000000000000000e+02 8.788200000000000728e+03
7.500000000000000000e+02 8.797149999999999636e+03
5.820000000000000000e+02 8.806600000000000364e+03
7.580000000000000000e+02 8.836350000000000364e+03
7.180000000000000000e+02 8.887200000000000728e+03
6.860000000000000000e+02 8.889899999999999636e+03
7.580000000000000000e+02 8.953050000000001091e+03
5.820000000000000000e+02 8.996250000000000000e+03
7.030000000000000000e+02 1.040499999999999972e+02
5.190000000000000000e+02 1.396500000000000057e+02
4.630000000000000000e+02 1.658000000000000114e+02
7.270000000000000000e+02 1.930500000000000114e+02
7.990000000000000000e+02 2.238000000000000114e+02
7.750000000000000000e+02 2.244500000000000171e+02
5.750000000000000000e+02 2.302000000000000171e+02
7.430000000000000000e+02 2.823000000000000114e+02
7.190000000000000000e+02 3.273500000000000227e+02
6.390000000000000000e+02 3.277500000000000000e+02
5.110000000000000000e+02 3.315500000000000114e+02
6.230000000000000000e+02 3.402500000000000000e+02
4.150000000000000000e+02 3.908000000000000114e+02
5.670000000000000000e+02 4.209499999999999886e+02
6.950000000000000000e+02 5.453999999999999773e+02
4.630000000000000000e+02 6.900000000000000000e+02
7.270000000000000000e+02 7.011000000000000227e+02
6.790000000000000000e+02 7.997500000000000000e+02
6.230000000000000000e+02 8.095000000000000000e+02
5.990000000000000000e+02 8.309500000000000455e+02
4.950000000000000000e+02 8.432500000000000000e+02
4.230000000000000000e+02 8.491000000000000227e+02
6.710000000000000000e+02 8.742000000000000455e+02
7.510000000000000000e+02 8.826000000000000227e+02
5.270000000000000000e+02 9.423999999999999773e+02
5.430000000000000000e+02 9.478999999999999773e+02
6.950000000000000000e+02 9.563999999999999773e+02
7.910000000000000000e+02 9.686499999999999773e+02
7.510000000000000000e+02 1.011399999999999977e+03
6.470000000000000000e+02 1.021200000000000045e+03
5.110000000000000000e+02 1.155700000000000045e+03
5.670000000000000000e+02 1.211750000000000000e+03
7.830000000000000000e+02 1.222350000000000136e+03
7.350000000000000000e+02 1.263750000000000000e+03
7.430000000000000000e+02 1.303500000000000000e+03
5.590000000000000000e+02 1.316299999999999955e+03
4.550000000000000000e+02 1.378350000000000136e+03
5.430000000000000000e+02 1.399100000000000136e+03
6.070000000000000000e+02 1.405900000000000091e+03
5.830000000000000000e+02 1.494100000000000136e+03
5.990000000000000000e+02 1.504650000000000091e+03
7.430000000000000000e+02 1.538100000000000136e+03
6.630000000000000000e+02 1.579100000000000136e+03
7.110000000000000000e+02 1.599549999999999955e+03
5.270000000000000000e+02 1.683799999999999955e+03
7.910000000000000000e+02 1.776000000000000000e+03
7.270000000000000000e+02 1.780549999999999955e+03
5.910000000000000000e+02 1.820450000000000045e+03
5.190000000000000000e+02 1.830400000000000091e+03
5.750000000000000000e+02 1.833450000000000045e+03
5.910000000000000000e+02 1.879000000000000000e+03
5.750000000000000000e+02 1.917350000000000136e+03
4.470000000000000000e+02 1.969950000000000045e+03
7.110000000000000000e+02 2.058250000000000000e+03
6.230000000000000000e+02 2.067150000000000091e+03
5.030000000000000000e+02 2.113400000000000091e+03
5.350000000000000000e+02 2.116750000000000000e+03
4.390000000000000000e+02 2.149800000000000182e+03
7.590000000000000000e+02 2.231450000000000273e+03
6.150000000000000000e+02 2.304050000000000182e+03
4.710000000000000000e+02 2.369900000000000091e+03
7.430000000000000000e+02 2.407800000000000182e+03
6.310000000000000000e+02 2.419099999999999909e+03
5.110000000000000000e+02 2.463650000000000091e+03
7.750000000000000000e+02 2.547650000000000091e+03
4.870000000000000000e+02 2.574500000000000000e+03
5.990000000000000000e+02 2.574550000000000182e+03
4.470000000000000000e+02 2.591500000000000000e+03
5.590000000000000000e+02 2.615500000000000000e+03
6.870000000000000000e+02 2.695500000000000000e+03
5.510000000000000000e+02 2.712050000000000182e+03
5.350000000000000000e+02 2.714000000000000000e+03
7.670000000000000000e+02 2.854450000000000273e+03
5.830000000000000000e+02 2.950550000000000182e+03
6.470000000000000000e+02 3.009450000000000273e+03
5.110000000000000000e+02 3.068750000000000000e+03
5.670000000000000000e+02 3.180050000000000182e+03
5.910000000000000000e+02 3.204550000000000182e+03
4.390000000000000000e+02 3.228050000000000182e+03
4.950000000000000000e+02 3.426349999999999909e+03
7.030000000000000000e+02 3.532599999999999909e+03
5.110000000000000000e+02 3.585550000000000182e+03
7.990000000000000000e+02 3.619849999999999909e+03
4.950000000000000000e+02 3.676349999999999909e+03
5.990000000000000000e+02 3.696200000000000273e+03
5.190000000000000000e+02 3.716650000000000091e+03
5.270000000000000000e+02 3.941500000000000000e+03
5.990000000000000000e+02 3.994650000000000091e+03
4.150000000000000000e+02 4.287850000000000364e+03
4.790000000000000000e+02 4.395050000000000182e+03
5.990000000000000000e+02 4.714050000000000182e+03
7.990000000000000000e+02 5.174800000000000182e+03
5.430000000000000000e+02 5.348900000000000546e+03
4.070000000000000000e+02 6.064100000000000364e+03
4.870000000000000000e+02 6.080850000000000364e+03
5.110000000000000000e+02 6.107600000000000364e+03
4.630000000000000000e+02 6.128000000000000000e+03
6.550000000000000000e+02 6.271050000000000182e+03
5.350000000000000000e+02 6.360900000000000546e+03
5.510000000000000000e+02 6.363400000000000546e+03
6.550000000000000000e+02 6.455500000000000000e+03
5.190000000000000000e+02 6.546650000000000546e+03
7.830000000000000000e+02 6.558250000000000000e+03
5.430000000000000000e+02 6.575699999999999818e+03
7.430000000000000000e+02 6.578350000000000364e+03
4.870000000000000000e+02 6.590650000000000546e+03
7.910000000000000000e+02 6.595600000000000364e+03
4.310000000000000000e+02 6.597150000000000546e+03
6.550000000000000000e+02 6.661050000000000182e+03
5.270000000000000000e+02 6.662650000000000546e+03
5.670000000000000000e+02 6.704000000000000000e+03
4.390000000000000000e+02 6.721650000000000546e+03
6.390000000000000000e+02 6.727900000000000546e+03
7.750000000000000000e+02 6.902350000000000364e+03
4.790000000000000000e+02 6.913449999999999818e+03
5.590000000000000000e+02 6.947150000000000546e+03
5.270000000000000000e+02 6.969199999999999818e+03
7.510000000000000000e+02 6.976100000000000364e+03
5.670000000000000000e+02 7.005400000000000546e+03
5.910000000000000000e+02 7.094199999999999818e+03
4.470000000000000000e+02 7.105449999999999818e+03
7.750000000000000000e+02 7.113949999999999818e+03
4.710000000000000000e+02 7.145600000000000364e+03
5.590000000000000000e+02 7.183250000000000000e+03
5.430000000000000000e+02 7.262750000000000000e+03
7.350000000000000000e+02 7.287500000000000000e+03
4.710000000000000000e+02 7.305000000000000000e+03
5.350000000000000000e+02 7.348600000000000364e+03
4.230000000000000000e+02 7.350500000000000000e+03
7.910000000000000000e+02 7.593650000000000546e+03
7.670000000000000000e+02 7.605199999999999818e+03
7.990000000000000000e+02 7.793550000000000182e+03
6.950000000000000000e+02 7.817350000000000364e+03
5.510000000000000000e+02 7.853500000000000000e+03
4.150000000000000000e+02 7.909100000000000364e+03
7.430000000000000000e+02 7.946850000000000364e+03
4.870000000000000000e+02 7.969350000000000364e+03
6.950000000000000000e+02 8.032199999999999818e+03
4.310000000000000000e+02 8.049400000000000546e+03
5.510000000000000000e+02 8.064199999999999818e+03
6.710000000000000000e+02 8.088400000000000546e+03
4.710000000000000000e+02 8.121500000000000000e+03
6.470000000000000000e+02 8.123750000000000000e+03
5.910000000000000000e+02 8.352149999999999636e+03
4.310000000000000000e+02 8.372750000000000000e+03
7.510000000000000000e+02 8.395350000000000364e+03
5.110000000000000000e+02 8.438700000000000728e+03
7.830000000000000000e+02 8.467450000000000728e+03
5.750000000000000000e+02 8.481950000000000728e+03
7.190000000000000000e+02 8.507850000000000364e+03
4.390000000000000000e+02 8.518600000000000364e+03
6.230000000000000000e+02 8.624600000000000364e+03
6.470000000000000000e+02 8.637350000000000364e+03
4.950000000000000000e+02 8.674299999999999272e+03
7.270000000000000000e+02 8.721450000000000728e+03
5.030000000000000000e+02 8.854700000000000728e+03
4.790000000000000000e+02 8.917649999999999636e+03
7.910000000000000000e+02 8.920050000000001091e+03
7.270000000000000000e+02 8.983399999999999636e+03
