2.480000000000000000e+02 1.865000000000000000e+02
3.120000000000000000e+02 2.295999999999999943e+02
2.800000000000000000e+02 3.259499999999999886e+02
2.960000000000000000e+02 5.330499999999999545e+02
3.040000000000000000e+02 1.642299999999999955e+03
2.640000000000000000e+02 1.749700000000000045e+03
2.720000000000000000e+02 2.026350000000000136e+03
2.720000000000000000e+02 2.287800000000000182e+03
2.480000000000000000e+02 2.677550000000000182e+03
3.040000000000000000e+02 2.699750000000000000e+03
3.120000000000000000e+02 2.731950000000000273e+03
2.960000000000000000e+02 3.112700000000000273e+03
2.880000000000000000e+02 3.928099999999999909e+03
2.800000000000000000e+02 4.499250000000000000e+03
3.120000000000000000e+02 5.648900000000000546e+03
3.200000000000000000e+02 5.723600000000000364e+03
2.640000000000000000e+02 5.937150000000000546e+03
2.960000000000000000e+02 6.200300000000000182e+03
2.720000000000000000e+02 6.385500000000000000e+03
2.640000000000000000e+02 6.548600000000000364e+03
2.640000000000000000e+02 6.933150000000000546e+03
2.640000000000000000e+02 7.192350000000000364e+03
2.560000000000000000e+02 7.518500000000000000e+03
2.560000000000000000e+02 7.625550000000000182e+03
3.120000000000000000e+02 7.884449999999999818e+03
3.040000000000000000e+02 7.945050000000000182e+03
2.880000000000000000e+02 8.027150000000000546e+03
2.800000000000000000e+02 8.137750000000000000e+03
3.120000000000000000e+02 8.246950000000000728e+03
3.040000000000000000e+02 8.275450000000000728e+03
3.200000000000000000e+02 8.367500000000000000e+03
3.040000000000000000e+02 8.491350000000000364e+03
2.960000000000000000e+02 8.572950000000000728e+03
3.210000000000000000e+02 1.303499999999999943e+02
2.490000000000000000e+02 1.416500000000000057e+02
3.130000000000000000e+02 3.354000000000000341e+02
2.490000000000000000e+02 5.310000000000000000e+02
2.970000000000000000e+02 8.585500000000000682e+02
2.570000000000000000e+02 9.322500000000000000e+02
2.570000000000000000e+02 1.025099999999999909e+03
2.650000000000000000e+02 1.064500000000000000e+03
2.970000000000000000e+02 1.141600000000000136e+03
2.970000000000000000e+02 1.237600000000000136e+03
2.570000000000000000e+02 1.274900000000000091e+03
2.650000000000000000e+02 1.530299999999999955e+03
2.730000000000000000e+02 1.801900000000000091e+03
2.890000000000000000e+02 1.964299999999999955e+03
3.210000000000000000e+02 2.011000000000000000e+03
2.730000000000000000e+02 2.393400000000000091e+03
2.810000000000000000e+02 2.531050000000000182e+03
2.970000000000000000e+02 2.545050000000000182e+03
3.210000000000000000e+02 2.653250000000000000e+03
2.490000000000000000e+02 2.850349999999999909e+03
3.130000000000000000e+02 3.383000000000000000e+03
2.730000000000000000e+02 4.453750000000000000e+03
2.650000000000000000e+02 4.606199999999999818e+03
2.730000000000000000e+02 4.607050000000000182e+03
3.210000000000000000e+02 4.675650000000000546e+03
3.210000000000000000e+02 4.896250000000000000e+03
3.050000000000000000e+02 5.218699999999999818e+03
2.810000000000000000e+02 5.372250000000000000e+03
2.810000000000000000e+02 5.676699999999999818e+03
2.490000000000000000e+02 5.789800000000000182e+03
2.810000000000000000e+02 5.893500000000000000e+03
3.210000000000000000e+02 5.954500000000000000e+03
3.130000000000000000e+02 6.099650000000000546e+03
2.810000000000000000e+02 6.179699999999999818e+03
2.730000000000000000e+02 6.195050000000000182e+03
2.490000000000000000e+02 6.497300000000000182e+03
2.570000000000000000e+02 6.879150000000000546e+03
2.730000000000000000e+02 7.390000000000000000e+03
2.570000000000000000e+02 7.523699999999999818e+03
2.490000000000000000e+02 7.783250000000000000e+03
3.130000000000000000e+02 7.818300000000000182e+03
2.810000000000000000e+02 8.236899999999999636e+03
3.130000000000000000e+02 8.395200000000000728e+03
2.490000000000000000e+02 8.444399999999999636e+03
2.650000000000000000e+02 8.451750000000000000e+03
2.970000000000000000e+02 8.457500000000000000e+03
2.970000000000000000e+02 8.626049999999999272e+03
2.730000000000000000e+02 8.786850000000000364e+03
2.890000000000000000e+02 8.825500000000000000e+03
3.210000000000000000e+02 8.880500000000000000e+03
2.900000000000000000e+02 3.101000000000000227e+02
2.420000000000000000e+02 3.103500000000000227e+02
2.500000000000000000e+02 6.677000000000000455e+02
2.820000000000000000e+02 7.222000000000000455e+02
2.660000000000000000e+02 1.163500000000000000e+03
3.060000000000000000e+02 1.341650000000000091e+03
2.420000000000000000e+02 1.367049999999999955e+03
3.140000000000000000e+02 1.413350000000000136e+03
2.980000000000000000e+02 1.806200000000000045e+03
2.980000000000000000e+02 1.893650000000000091e+03
2.660000000000000000e+02 2.013100000000000136e+03
2.660000000000000000e+02 2.135750000000000000e+03
2.580000000000000000e+02 2.211450000000000273e+03
2.900000000000000000e+02 2.640900000000000091e+03
2.660000000000000000e+02 2.668050000000000182e+03
2.820000000000000000e+02 2.774250000000000000e+03
2.980000000000000000e+02 2.945550000000000182e+03
2.420000000000000000e+02 3.039650000000000091e+03
2.500000000000000000e+02 3.112150000000000091e+03
2.420000000000000000e+02 3.208650000000000091e+03
2.820000000000000000e+02 3.353700000000000273e+03
3.140000000000000000e+02 3.513599999999999909e+03
2.740000000000000000e+02 3.764450000000000273e+03
2.500000000000000000e+02 3.799700000000000273e+03
2.660000000000000000e+02 3.999650000000000091e+03
2.820000000000000000e+02 4.061300000000000182e+03
3.140000000000000000e+02 4.650050000000000182e+03
2.980000000000000000e+02 4.751350000000000364e+03
2.900000000000000000e+02 6.096199999999999818e+03
2.580000000000000000e+02 6.099300000000000182e+03
3.060000000000000000e+02 6.146250000000000000e+03
2.420000000000000000e+02 6.614300000000000182e+03
2.900000000000000000e+02 6.678600000000000364e+03
2.420000000000000000e+02 7.028600000000000364e+03
2.500000000000000000e+02 7.292000000000000000e+03
2.660000000000000000e+02 7.650350000000000364e+03
2.580000000000000000e+02 7.661250000000000000e+03
2.420000000000000000e+02 7.681449999999999818e+03
2.660000000000000000e+02 7.773850000000000364e+03
2.980000000000000000e+02 8.019400000000000546e+03
2.820000000000000000e+02 8.250399999999999636e+03
2.500000000000000000e+02 8.740600000000000364e+03
2.420000000000000000e+02 8.950500000000000000e+03
2.910000000000000000e+02 2.124000000000000057e+02
2.990000000000000000e+02 5.121499999999999773e+02
2.590000000000000000e+02 6.098999999999999773e+02
2.830000000000000000e+02 6.335000000000000000e+02
2.910000000000000000e+02 7.227500000000000000e+02
3.070000000000000000e+02 7.631499999999999773e+02
2.670000000000000000e+02 8.178999999999999773e+02
3.070000000000000000e+02 1.040250000000000000e+03
3.070000000000000000e+02 1.117950000000000045e+03
2.430000000000000000e+02 1.162350000000000136e+03
3.070000000000000000e+02 1.451650000000000091e+03
2.670000000000000000e+02 1.731900000000000091e+03
2.830000000000000000e+02 1.980100000000000136e+03
2.430000000000000000e+02 2.054199999999999818e+03
2.990000000000000000e+02 2.117949999999999818e+03
2.670000000000000000e+02 2.263400000000000091e+03
2.430000000000000000e+02 2.497250000000000000e+03
3.070000000000000000e+02 2.548950000000000273e+03
2.990000000000000000e+02 3.276250000000000000e+03
2.430000000000000000e+02 3.358099999999999909e+03
3.150000000000000000e+02 3.687250000000000000e+03
2.990000000000000000e+02 4.251699999999999818e+03
3.150000000000000000e+02 4.357699999999999818e+03
2.910000000000000000e+02 4.737800000000000182e+03
3.070000000000000000e+02 4.799949999999999818e+03
2.990000000000000000e+02 4.911800000000000182e+03
2.990000000000000000e+02 5.012100000000000364e+03
3.070000000000000000e+02 5.141449999999999818e+03
2.750000000000000000e+02 5.284400000000000546e+03
2.430000000000000000e+02 5.677449999999999818e+03
3.070000000000000000e+02 6.253550000000000182e+03
2.590000000000000000e+02 6.379199999999999818e+03
2.830000000000000000e+02 6.662050000000000182e+03
2.670000000000000000e+02 7.587550000000000182e+03
2.990000000000000000e+02 8.031699999999999818e+03
3.070000000000000000e+02 8.292149999999999636e+03
2.990000000000000000e+02 8.352450000000000728e+03
2.430000000000000000e+02 8.558649999999999636e+03
2.510000000000000000e+02 8.601750000000000000e+03
2.910000000000000000e+02 8.604250000000000000e+03
2.910000000000000000e+02 8.691149999999999636e+03
2.520000000000000000e+02 5.500000000000000000e+02
2.600000000000000000e+02 7.029500000000000455e+02
2.520000000000000000e+02 1.127100000000000136e+03
3.160000000000000000e+02 1.387150000000000091e+03
2.680000000000000000e+02 1.473549999999999955e+03
2.760000000000000000e+02 1.681500000000000000e+03
2.760000000000000000e+02 1.811049999999999955e+03
2.440000000000000000e+02 1.945350000000000136e+03
3.080000000000000000e+02 1.964700000000000045e+03
3.000000000000000000e+02 2.226700000000000273e+03
2.520000000000000000e+02 2.291750000000000000e+03
3.080000000000000000e+02 2.932900000000000091e+03
3.000000000000000000e+02 3.126150000000000091e+03
2.680000000000000000e+02 3.127000000000000000e+03
3.000000000000000000e+02 3.209099999999999909e+03
2.840000000000000000e+02 3.280400000000000091e+03
2.920000000000000000e+02 4.059700000000000273e+03
2.680000000000000000e+02 4.088000000000000000e+03
3.160000000000000000e+02 4.622050000000000182e+03
3.080000000000000000e+02 4.697449999999999818e+03
2.760000000000000000e+02 5.780949999999999818e+03
2.760000000000000000e+02 5.850199999999999818e+03
2.680000000000000000e+02 6.046800000000000182e+03
2.440000000000000000e+02 6.124000000000000000e+03
2.600000000000000000e+02 6.415699999999999818e+03
2.520000000000000000e+02 6.539699999999999818e+03
3.000000000000000000e+02 6.941699999999999818e+03
2.600000000000000000e+02 7.042150000000000546e+03
3.000000000000000000e+02 7.070199999999999818e+03
3.160000000000000000e+02 7.616250000000000000e+03
2.920000000000000000e+02 8.396049999999999272e+03
3.080000000000000000e+02 8.412950000000000728e+03
2.680000000000000000e+02 8.414100000000000364e+03
3.160000000000000000e+02 8.488950000000000728e+03
3.080000000000000000e+02 8.794250000000000000e+03
3.090000000000000000e+02 1.652500000000000000e+02
2.610000000000000000e+02 7.687000000000000455e+02
2.450000000000000000e+02 8.246000000000000227e+02
2.610000000000000000e+02 8.279500000000000455e+02
2.690000000000000000e+02 8.352000000000000455e+02
3.010000000000000000e+02 8.771000000000000227e+02
2.610000000000000000e+02 1.696450000000000045e+03
3.090000000000000000e+02 1.929799999999999955e+03
3.090000000000000000e+02 2.417150000000000091e+03
3.010000000000000000e+02 3.001900000000000091e+03
2.930000000000000000e+02 3.004800000000000182e+03
2.530000000000000000e+02 3.064400000000000091e+03
3.170000000000000000e+02 3.097349999999999909e+03
2.450000000000000000e+02 3.310250000000000000e+03
3.170000000000000000e+02 3.382650000000000091e+03
3.010000000000000000e+02 3.464300000000000182e+03
2.770000000000000000e+02 3.498099999999999909e+03
2.450000000000000000e+02 3.669450000000000273e+03
2.450000000000000000e+02 3.997400000000000091e+03
2.530000000000000000e+02 4.441900000000000546e+03
3.010000000000000000e+02 4.937900000000000546e+03
2.770000000000000000e+02 5.088300000000000182e+03
2.930000000000000000e+02 5.667500000000000000e+03
3.170000000000000000e+02 5.706500000000000000e+03
2.610000000000000000e+02 6.260949999999999818e+03
2.690000000000000000e+02 6.343650000000000546e+03
3.010000000000000000e+02 6.554000000000000000e+03
3.010000000000000000e+02 6.751500000000000000e+03
3.090000000000000000e+02 7.087300000000000182e+03
3.090000000000000000e+02 7.416449999999999818e+03
2.850000000000000000e+02 7.639449999999999818e+03
2.610000000000000000e+02 8.062650000000000546e+03
3.170000000000000000e+02 8.168750000000000000e+03
2.530000000000000000e+02 8.316000000000000000e+03
2.770000000000000000e+02 8.398850000000000364e+03
2.850000000000000000e+02 8.711100000000000364e+03
2.690000000000000000e+02 8.892399999999999636e+03
3.020000000000000000e+02 2.285000000000000000e+02
3.020000000000000000e+02 4.014499999999999886e+02
2.940000000000000000e+02 5.034499999999999886e+02
3.180000000000000000e+02 9.610000000000000000e+02
2.540000000000000000e+02 1.369850000000000136e+03
2.940000000000000000e+02 1.565600000000000136e+03
2.460000000000000000e+02 1.594750000000000000e+03
2.700000000000000000e+02 1.831900000000000091e+03
2.940000000000000000e+02 1.917600000000000136e+03
2.780000000000000000e+02 2.166300000000000182e+03
3.180000000000000000e+02 2.985849999999999909e+03
3.100000000000000000e+02 3.171800000000000182e+03
2.460000000000000000e+02 3.174750000000000000e+03
2.940000000000000000e+02 3.717500000000000000e+03
2.700000000000000000e+02 3.735349999999999909e+03
2.460000000000000000e+02 4.097100000000000364e+03
3.180000000000000000e+02 4.224199999999999818e+03
2.620000000000000000e+02 4.980650000000000546e+03
3.180000000000000000e+02 5.277350000000000364e+03
3.180000000000000000e+02 5.532850000000000364e+03
2.940000000000000000e+02 5.562949999999999818e+03
2.940000000000000000e+02 6.022949999999999818e+03
3.100000000000000000e+02 6.053050000000000182e+03
3.020000000000000000e+02 6.259699999999999818e+03
2.620000000000000000e+02 6.419199999999999818e+03
2.460000000000000000e+02 6.560350000000000364e+03
2.940000000000000000e+02 6.707650000000000546e+03
3.180000000000000000e+02 6.781900000000000546e+03
2.860000000000000000e+02 6.973750000000000000e+03
2.700000000000000000e+02 7.133850000000000364e+03
3.180000000000000000e+02 7.219750000000000000e+03
3.100000000000000000e+02 7.516199999999999818e+03
3.180000000000000000e+02 7.542000000000000000e+03
2.700000000000000000e+02 7.781650000000000546e+03
2.540000000000000000e+02 7.886500000000000000e+03
3.180000000000000000e+02 7.902800000000000182e+03
2.460000000000000000e+02 8.190550000000000182e+03
2.780000000000000000e+02 8.401600000000000364e+03
2.700000000000000000e+02 8.465899999999999636e+03
3.020000000000000000e+02 8.552750000000000000e+03
3.180000000000000000e+02 8.937800000000001091e+03
2.550000000000000000e+02 3.238500000000000227e+02
3.030000000000000000e+02 3.384000000000000341e+02
2.950000000000000000e+02 8.497000000000000455e+02
3.190000000000000000e+02 9.873000000000000682e+02
2.950000000000000000e+02 1.040650000000000091e+03
3.190000000000000000e+02 1.043200000000000045e+03
3.110000000000000000e+02 1.280650000000000091e+03
2.550000000000000000e+02 1.381000000000000000e+03
2.710000000000000000e+02 1.413900000000000091e+03
2.470000000000000000e+02 1.636200000000000045e+03
2.710000000000000000e+02 1.637650000000000091e+03
2.950000000000000000e+02 1.830100000000000136e+03
3.110000000000000000e+02 1.875049999999999955e+03
2.870000000000000000e+02 1.878100000000000136e+03
2.790000000000000000e+02 2.263700000000000273e+03
2.550000000000000000e+02 2.339750000000000000e+03
2.710000000000000000e+02 2.495900000000000091e+03
2.950000000000000000e+02 2.603050000000000182e+03
2.950000000000000000e+02 2.727200000000000273e+03
3.030000000000000000e+02 2.909300000000000182e+03
2.710000000000000000e+02 3.159950000000000273e+03
2.710000000000000000e+02 3.869599999999999909e+03
2.790000000000000000e+02 4.565350000000000364e+03
3.190000000000000000e+02 4.804800000000000182e+03
2.550000000000000000e+02 5.724300000000000182e+03
2.550000000000000000e+02 5.991199999999999818e+03
2.710000000000000000e+02 6.161350000000000364e+03
2.870000000000000000e+02 6.719000000000000000e+03
2.870000000000000000e+02 6.832350000000000364e+03
2.790000000000000000e+02 6.905500000000000000e+03
3.110000000000000000e+02 7.385100000000000364e+03
3.190000000000000000e+02 7.803350000000000364e+03
2.790000000000000000e+02 8.400649999999999636e+03
2.550000000000000000e+02 8.419200000000000728e+03
2.790000000000000000e+02 8.864750000000000000e+03
2.550000000000000000e+02 8.998500000000000000e+03
