6.480000000000000000e+02 1.072500000000000000e+02
5.760000000000000000e+02 1.165000000000000000e+02
5.440000000000000000e+02 1.168500000000000085e+02
7.920000000000000000e+02 1.560000000000000000e+02
4.080000000000000000e+02 2.190999999999999943e+02
5.600000000000000000e+02 3.121500000000000341e+02
4.320000000000000000e+02 3.498000000000000114e+02
5.680000000000000000e+02 4.347500000000000000e+02
4.880000000000000000e+02 4.598500000000000227e+02
5.440000000000000000e+02 4.830000000000000000e+02
7.120000000000000000e+02 5.452500000000000000e+02
4.080000000000000000e+02 5.630500000000000682e+02
5.120000000000000000e+02 5.788000000000000682e+02
6.960000000000000000e+02 5.854500000000000455e+02
7.200000000000000000e+02 6.462000000000000455e+02
7.520000000000000000e+02 7.479500000000000455e+02
7.600000000000000000e+02 8.108999999999999773e+02
6.720000000000000000e+02 8.409500000000000455e+02
7.200000000000000000e+02 9.430500000000000682e+02
6.000000000000000000e+02 9.785500000000000682e+02
5.440000000000000000e+02 1.035799999999999955e+03
4.480000000000000000e+02 1.112049999999999955e+03
6.400000000000000000e+02 1.175600000000000136e+03
4.640000000000000000e+02 1.177750000000000000e+03
5.360000000000000000e+02 1.189299999999999955e+03
7.520000000000000000e+02 1.263100000000000136e+03
7.200000000000000000e+02 1.326299999999999955e+03
5.280000000000000000e+02 1.371750000000000000e+03
6.960000000000000000e+02 1.377450000000000045e+03
5.200000000000000000e+02 1.400900000000000091e+03
7.520000000000000000e+02 1.449900000000000091e+03
8.000000000000000000e+02 1.453400000000000091e+03
5.920000000000000000e+02 1.490150000000000091e+03
4.480000000000000000e+02 1.647100000000000136e+03
4.080000000000000000e+02 1.705150000000000091e+03
7.040000000000000000e+02 1.723150000000000091e+03
5.360000000000000000e+02 1.727950000000000045e+03
4.720000000000000000e+02 1.733450000000000045e+03
7.360000000000000000e+02 1.738049999999999955e+03
4.480000000000000000e+02 1.879200000000000045e+03
6.320000000000000000e+02 1.883650000000000091e+03
5.920000000000000000e+02 1.928750000000000000e+03
5.120000000000000000e+02 1.951500000000000000e+03
5.760000000000000000e+02 1.974150000000000091e+03
6.560000000000000000e+02 2.024600000000000136e+03
7.600000000000000000e+02 2.054500000000000000e+03
6.080000000000000000e+02 2.056550000000000182e+03
7.600000000000000000e+02 2.163699999999999818e+03
6.640000000000000000e+02 2.179650000000000091e+03
6.160000000000000000e+02 2.226050000000000182e+03
4.400000000000000000e+02 2.234450000000000273e+03
6.000000000000000000e+02 2.236250000000000000e+03
7.200000000000000000e+02 2.286450000000000273e+03
5.200000000000000000e+02 2.334099999999999909e+03
6.160000000000000000e+02 2.346099999999999909e+03
7.040000000000000000e+02 2.354450000000000273e+03
5.280000000000000000e+02 2.382400000000000091e+03
6.640000000000000000e+02 2.406000000000000000e+03
7.760000000000000000e+02 2.452300000000000182e+03
6.080000000000000000e+02 2.460150000000000091e+03
7.520000000000000000e+02 2.504849999999999909e+03
4.560000000000000000e+02 2.534900000000000091e+03
7.520000000000000000e+02 2.580750000000000000e+03
7.840000000000000000e+02 2.602650000000000091e+03
4.960000000000000000e+02 2.606650000000000091e+03
6.880000000000000000e+02 2.653950000000000273e+03
6.240000000000000000e+02 2.667099999999999909e+03
6.880000000000000000e+02 2.718849999999999909e+03
4.240000000000000000e+02 2.729550000000000182e+03
5.280000000000000000e+02 2.771500000000000000e+03
7.920000000000000000e+02 2.805250000000000000e+03
7.600000000000000000e+02 2.864250000000000000e+03
5.520000000000000000e+02 2.877200000000000273e+03
5.920000000000000000e+02 2.897050000000000182e+03
6.480000000000000000e+02 2.953150000000000091e+03
7.040000000000000000e+02 3.033150000000000091e+03
4.960000000000000000e+02 3.039000000000000000e+03
5.680000000000000000e+02 3.043900000000000091e+03
5.520000000000000000e+02 3.086450000000000273e+03
7.600000000000000000e+02 3.141500000000000000e+03
6.880000000000000000e+02 3.182099999999999909e+03
6.480000000000000000e+02 3.293450000000000273e+03
6.880000000000000000e+02 3.469599999999999909e+03
4.320000000000000000e+02 3.488950000000000273e+03
6.320000000000000000e+02 3.514599999999999909e+03
5.440000000000000000e+02 3.543200000000000273e+03
6.080000000000000000e+02 3.658099999999999909e+03
7.840000000000000000e+02 3.688250000000000000e+03
4.240000000000000000e+02 3.793700000000000273e+03
6.080000000000000000e+02 3.925150000000000091e+03
6.880000000000000000e+02 3.974650000000000091e+03
5.040000000000000000e+02 4.019849999999999909e+03
5.680000000000000000e+02 4.112899999999999636e+03
5.280000000000000000e+02 4.172199999999999818e+03
4.800000000000000000e+02 4.181649999999999636e+03
4.880000000000000000e+02 4.308250000000000000e+03
4.160000000000000000e+02 4.348350000000000364e+03
5.040000000000000000e+02 4.352050000000000182e+03
5.840000000000000000e+02 4.436000000000000000e+03
7.120000000000000000e+02 4.481800000000000182e+03
4.480000000000000000e+02 4.505400000000000546e+03
7.360000000000000000e+02 4.785699999999999818e+03
5.200000000000000000e+02 4.811600000000000364e+03
6.720000000000000000e+02 4.862250000000000000e+03
7.360000000000000000e+02 4.896100000000000364e+03
4.880000000000000000e+02 4.915949999999999818e+03
7.600000000000000000e+02 5.008000000000000000e+03
4.480000000000000000e+02 5.036350000000000364e+03
6.960000000000000000e+02 5.066750000000000000e+03
5.760000000000000000e+02 5.077100000000000364e+03
6.000000000000000000e+02 5.155600000000000364e+03
4.800000000000000000e+02 5.266800000000000182e+03
4.400000000000000000e+02 5.294250000000000000e+03
5.120000000000000000e+02 5.323150000000000546e+03
7.440000000000000000e+02 5.341850000000000364e+03
7.200000000000000000e+02 5.387949999999999818e+03
6.720000000000000000e+02 5.403949999999999818e+03
5.440000000000000000e+02 5.477449999999999818e+03
4.800000000000000000e+02 5.502250000000000000e+03
6.640000000000000000e+02 5.550199999999999818e+03
6.880000000000000000e+02 5.610750000000000000e+03
7.840000000000000000e+02 5.647350000000000364e+03
6.880000000000000000e+02 5.786800000000000182e+03
6.240000000000000000e+02 5.846850000000000364e+03
6.000000000000000000e+02 5.859550000000000182e+03
4.960000000000000000e+02 5.886650000000000546e+03
5.920000000000000000e+02 5.932900000000000546e+03
6.880000000000000000e+02 5.952449999999999818e+03
5.040000000000000000e+02 5.975199999999999818e+03
6.560000000000000000e+02 5.992550000000000182e+03
7.040000000000000000e+02 6.017000000000000000e+03
6.880000000000000000e+02 6.095500000000000000e+03
5.200000000000000000e+02 6.126000000000000000e+03
7.520000000000000000e+02 6.145550000000000182e+03
5.840000000000000000e+02 6.157699999999999818e+03
4.480000000000000000e+02 6.158350000000000364e+03
4.720000000000000000e+02 6.199100000000000364e+03
7.520000000000000000e+02 6.234550000000000182e+03
6.880000000000000000e+02 6.237650000000000546e+03
8.000000000000000000e+02 6.279500000000000000e+03
5.440000000000000000e+02 6.468150000000000546e+03
4.320000000000000000e+02 6.507949999999999818e+03
5.680000000000000000e+02 6.515750000000000000e+03
4.880000000000000000e+02 6.538150000000000546e+03
7.680000000000000000e+02 6.542449999999999818e+03
6.800000000000000000e+02 6.544600000000000364e+03
6.720000000000000000e+02 6.567800000000000182e+03
5.520000000000000000e+02 6.587050000000000182e+03
5.760000000000000000e+02 6.673000000000000000e+03
7.360000000000000000e+02 6.685150000000000546e+03
4.400000000000000000e+02 6.699449999999999818e+03
7.200000000000000000e+02 6.712900000000000546e+03
6.720000000000000000e+02 6.749000000000000000e+03
7.680000000000000000e+02 6.807550000000000182e+03
4.640000000000000000e+02 6.837550000000000182e+03
4.720000000000000000e+02 6.913900000000000546e+03
4.800000000000000000e+02 6.926400000000000546e+03
7.920000000000000000e+02 6.970449999999999818e+03
5.200000000000000000e+02 6.979150000000000546e+03
4.080000000000000000e+02 6.994400000000000546e+03
7.680000000000000000e+02 7.016199999999999818e+03
4.960000000000000000e+02 7.115699999999999818e+03
6.240000000000000000e+02 7.178400000000000546e+03
7.440000000000000000e+02 7.221500000000000000e+03
6.240000000000000000e+02 7.302650000000000546e+03
6.400000000000000000e+02 7.312949999999999818e+03
5.920000000000000000e+02 7.335300000000000182e+03
7.920000000000000000e+02 7.440650000000000546e+03
5.920000000000000000e+02 7.512900000000000546e+03
4.240000000000000000e+02 7.596449999999999818e+03
4.480000000000000000e+02 7.624800000000000182e+03
4.160000000000000000e+02 7.654699999999999818e+03
4.880000000000000000e+02 7.663400000000000546e+03
4.720000000000000000e+02 7.674050000000000182e+03
4.640000000000000000e+02 7.708300000000000182e+03
7.680000000000000000e+02 7.714949999999999818e+03
4.880000000000000000e+02 7.802199999999999818e+03
4.800000000000000000e+02 7.814949999999999818e+03
6.240000000000000000e+02 7.821150000000000546e+03
4.240000000000000000e+02 7.874350000000000364e+03
5.440000000000000000e+02 7.920750000000000000e+03
5.360000000000000000e+02 7.921100000000000364e+03
4.320000000000000000e+02 7.936100000000000364e+03
7.200000000000000000e+02 8.106250000000000000e+03
7.840000000000000000e+02 8.123750000000000000e+03
7.600000000000000000e+02 8.192149999999999636e+03
4.720000000000000000e+02 8.236350000000000364e+03
7.440000000000000000e+02 8.320950000000000728e+03
5.600000000000000000e+02 8.330450000000000728e+03
4.640000000000000000e+02 8.358399999999999636e+03
4.400000000000000000e+02 8.396799999999999272e+03
4.800000000000000000e+02 8.408149999999999636e+03
6.320000000000000000e+02 8.416200000000000728e+03
4.480000000000000000e+02 8.484200000000000728e+03
5.680000000000000000e+02 8.509600000000000364e+03
5.360000000000000000e+02 8.551200000000000728e+03
7.200000000000000000e+02 8.605299999999999272e+03
4.880000000000000000e+02 8.607100000000000364e+03
5.440000000000000000e+02 8.609799999999999272e+03
5.680000000000000000e+02 8.625299999999999272e+03
5.440000000000000000e+02 8.691299999999999272e+03
4.320000000000000000e+02 8.712850000000000364e+03
6.960000000000000000e+02 8.822950000000000728e+03
5.120000000000000000e+02 8.883100000000000364e+03
6.320000000000000000e+02 8.949300000000001091e+03
6.640000000000000000e+02 8.951750000000000000e+03
6.410000000000000000e+02 1.197500000000000000e+02
6.730000000000000000e+02 1.322500000000000000e+02
4.250000000000000000e+02 1.795999999999999943e+02
4.970000000000000000e+02 1.845500000000000114e+02
4.730000000000000000e+02 1.926500000000000057e+02
7.530000000000000000e+02 1.933000000000000114e+02
7.210000000000000000e+02 2.210999999999999943e+02
6.170000000000000000e+02 2.786500000000000341e+02
6.490000000000000000e+02 2.788000000000000114e+02
6.730000000000000000e+02 5.633999999999999773e+02
7.610000000000000000e+02 7.391499999999999773e+02
7.690000000000000000e+02 7.582500000000000000e+02
4.170000000000000000e+02 7.642500000000000000e+02
6.810000000000000000e+02 7.770000000000000000e+02
6.330000000000000000e+02 7.958000000000000682e+02
5.050000000000000000e+02 8.222500000000000000e+02
7.290000000000000000e+02 8.843500000000000227e+02
4.330000000000000000e+02 9.783500000000000227e+02
7.130000000000000000e+02 1.037349999999999909e+03
5.370000000000000000e+02 1.073349999999999909e+03
7.610000000000000000e+02 1.143799999999999955e+03
7.130000000000000000e+02 1.173950000000000045e+03
5.450000000000000000e+02 1.189799999999999955e+03
7.530000000000000000e+02 1.199500000000000000e+03
6.170000000000000000e+02 1.269299999999999955e+03
7.210000000000000000e+02 1.270549999999999955e+03
4.970000000000000000e+02 1.273850000000000136e+03
4.410000000000000000e+02 1.276850000000000136e+03
4.810000000000000000e+02 1.293700000000000045e+03
6.730000000000000000e+02 1.341950000000000045e+03
5.370000000000000000e+02 1.377299999999999955e+03
6.810000000000000000e+02 1.387650000000000091e+03
5.290000000000000000e+02 1.427750000000000000e+03
5.130000000000000000e+02 1.429400000000000091e+03
4.810000000000000000e+02 1.470750000000000000e+03
7.850000000000000000e+02 1.513700000000000045e+03
7.450000000000000000e+02 1.562299999999999955e+03
5.130000000000000000e+02 1.562549999999999955e+03
5.930000000000000000e+02 1.564000000000000000e+03
4.730000000000000000e+02 1.630400000000000091e+03
4.890000000000000000e+02 1.674750000000000000e+03
5.610000000000000000e+02 1.677549999999999955e+03
4.490000000000000000e+02 1.759950000000000045e+03
5.770000000000000000e+02 1.768799999999999955e+03
5.130000000000000000e+02 1.772600000000000136e+03
7.930000000000000000e+02 1.772750000000000000e+03
5.610000000000000000e+02 1.780450000000000045e+03
6.010000000000000000e+02 1.790549999999999955e+03
7.850000000000000000e+02 1.892250000000000000e+03
6.890000000000000000e+02 1.944100000000000136e+03
4.410000000000000000e+02 1.960350000000000136e+03
5.850000000000000000e+02 1.991299999999999955e+03
4.970000000000000000e+02 2.091400000000000091e+03
4.250000000000000000e+02 2.096949999999999818e+03
5.210000000000000000e+02 2.184950000000000273e+03
6.490000000000000000e+02 2.212800000000000182e+03
7.850000000000000000e+02 2.214050000000000182e+03
4.650000000000000000e+02 2.284650000000000091e+03
6.490000000000000000e+02 2.344849999999999909e+03
4.250000000000000000e+02 2.489349999999999909e+03
7.130000000000000000e+02 2.490150000000000091e+03
4.170000000000000000e+02 2.510200000000000273e+03
4.330000000000000000e+02 2.553150000000000091e+03
7.690000000000000000e+02 2.578599999999999909e+03
7.450000000000000000e+02 2.603500000000000000e+03
4.650000000000000000e+02 2.623800000000000182e+03
6.490000000000000000e+02 2.629200000000000273e+03
7.210000000000000000e+02 2.640250000000000000e+03
5.450000000000000000e+02 2.685500000000000000e+03
7.290000000000000000e+02 2.692200000000000273e+03
7.850000000000000000e+02 2.746200000000000273e+03
4.650000000000000000e+02 2.776900000000000091e+03
5.290000000000000000e+02 2.794250000000000000e+03
5.450000000000000000e+02 2.834099999999999909e+03
5.050000000000000000e+02 2.966599999999999909e+03
7.290000000000000000e+02 3.019150000000000091e+03
5.690000000000000000e+02 3.049050000000000182e+03
7.690000000000000000e+02 3.089300000000000182e+03
4.490000000000000000e+02 3.238849999999999909e+03
5.370000000000000000e+02 3.240950000000000273e+03
7.050000000000000000e+02 3.252550000000000182e+03
6.410000000000000000e+02 3.302950000000000273e+03
7.130000000000000000e+02 3.389250000000000000e+03
7.690000000000000000e+02 3.452900000000000091e+03
5.770000000000000000e+02 3.504500000000000000e+03
4.170000000000000000e+02 3.669750000000000000e+03
4.570000000000000000e+02 3.890750000000000000e+03
5.770000000000000000e+02 3.997150000000000091e+03
5.130000000000000000e+02 4.003000000000000000e+03
7.850000000000000000e+02 4.026700000000000273e+03
7.770000000000000000e+02 4.085650000000000091e+03
4.490000000000000000e+02 4.087300000000000182e+03
5.850000000000000000e+02 4.108300000000000182e+03
5.690000000000000000e+02 4.156149999999999636e+03
5.050000000000000000e+02 4.227399999999999636e+03
4.890000000000000000e+02 4.320750000000000000e+03
8.010000000000000000e+02 4.416250000000000000e+03
6.810000000000000000e+02 4.470550000000000182e+03
7.610000000000000000e+02 4.483500000000000000e+03
5.850000000000000000e+02 4.558300000000000182e+03
5.130000000000000000e+02 4.587900000000000546e+03
6.250000000000000000e+02 4.594000000000000000e+03
4.330000000000000000e+02 4.653850000000000364e+03
5.850000000000000000e+02 4.656199999999999818e+03
4.250000000000000000e+02 4.667900000000000546e+03
5.850000000000000000e+02 4.712699999999999818e+03
5.610000000000000000e+02 4.875449999999999818e+03
4.970000000000000000e+02 4.921449999999999818e+03
6.730000000000000000e+02 4.986750000000000000e+03
4.090000000000000000e+02 5.052250000000000000e+03
7.450000000000000000e+02 5.095850000000000364e+03
4.970000000000000000e+02 5.117050000000000182e+03
5.130000000000000000e+02 5.184750000000000000e+03
4.170000000000000000e+02 5.350250000000000000e+03
6.730000000000000000e+02 5.475400000000000546e+03
6.490000000000000000e+02 5.679600000000000364e+03
6.170000000000000000e+02 5.685850000000000364e+03
4.490000000000000000e+02 5.783400000000000546e+03
7.210000000000000000e+02 5.819050000000000182e+03
5.210000000000000000e+02 5.912000000000000000e+03
7.770000000000000000e+02 5.923350000000000364e+03
7.130000000000000000e+02 5.945300000000000182e+03
6.490000000000000000e+02 6.101850000000000364e+03
4.090000000000000000e+02 6.130150000000000546e+03
4.890000000000000000e+02 6.220400000000000546e+03
7.610000000000000000e+02 6.264150000000000546e+03
7.690000000000000000e+02 6.311699999999999818e+03
5.130000000000000000e+02 6.332500000000000000e+03
6.010000000000000000e+02 6.339150000000000546e+03
4.090000000000000000e+02 6.415000000000000000e+03
7.370000000000000000e+02 6.415250000000000000e+03
4.330000000000000000e+02 6.416000000000000000e+03
4.410000000000000000e+02 6.433050000000000182e+03
6.810000000000000000e+02 6.472199999999999818e+03
4.890000000000000000e+02 6.515050000000000182e+03
4.730000000000000000e+02 6.546500000000000000e+03
6.170000000000000000e+02 6.592300000000000182e+03
5.130000000000000000e+02 6.595500000000000000e+03
5.850000000000000000e+02 6.645300000000000182e+03
4.730000000000000000e+02 6.651150000000000546e+03
7.690000000000000000e+02 6.708350000000000364e+03
6.410000000000000000e+02 6.767600000000000364e+03
5.130000000000000000e+02 6.876900000000000546e+03
6.970000000000000000e+02 6.884949999999999818e+03
6.010000000000000000e+02 6.898949999999999818e+03
6.890000000000000000e+02 6.977699999999999818e+03
5.210000000000000000e+02 6.995750000000000000e+03
7.450000000000000000e+02 7.149949999999999818e+03
5.530000000000000000e+02 7.200750000000000000e+03
5.450000000000000000e+02 7.232300000000000182e+03
7.770000000000000000e+02 7.245600000000000364e+03
6.730000000000000000e+02 7.267400000000000546e+03
6.810000000000000000e+02 7.331500000000000000e+03
6.010000000000000000e+02 7.336050000000000182e+03
4.570000000000000000e+02 7.394900000000000546e+03
7.370000000000000000e+02 7.426949999999999818e+03
7.610000000000000000e+02 7.436350000000000364e+03
4.490000000000000000e+02 7.439199999999999818e+03
5.370000000000000000e+02 7.491199999999999818e+03
4.730000000000000000e+02 7.532900000000000546e+03
4.570000000000000000e+02 7.579600000000000364e+03
5.530000000000000000e+02 7.629750000000000000e+03
7.850000000000000000e+02 7.662400000000000546e+03
5.530000000000000000e+02 7.727400000000000546e+03
5.930000000000000000e+02 7.809900000000000546e+03
4.810000000000000000e+02 7.869900000000000546e+03
4.650000000000000000e+02 7.942250000000000000e+03
4.810000000000000000e+02 7.950150000000000546e+03
6.010000000000000000e+02 8.017300000000000182e+03
7.450000000000000000e+02 8.022100000000000364e+03
6.970000000000000000e+02 8.039150000000000546e+03
6.970000000000000000e+02 8.159350000000000364e+03
5.610000000000000000e+02 8.170199999999999818e+03
6.170000000000000000e+02 8.250299999999999272e+03
7.770000000000000000e+02 8.263799999999999272e+03
7.690000000000000000e+02 8.303350000000000364e+03
6.650000000000000000e+02 8.319850000000000364e+03
7.450000000000000000e+02 8.329549999999999272e+03
6.970000000000000000e+02 8.447399999999999636e+03
6.410000000000000000e+02 8.482049999999999272e+03
5.050000000000000000e+02 8.482299999999999272e+03
6.570000000000000000e+02 8.514649999999999636e+03
6.730000000000000000e+02 8.536600000000000364e+03
8.010000000000000000e+02 8.627750000000000000e+03
6.730000000000000000e+02 8.665899999999999636e+03
4.250000000000000000e+02 8.670149999999999636e+03
5.770000000000000000e+02 8.697700000000000728e+03
5.530000000000000000e+02 8.813649999999999636e+03
6.650000000000000000e+02 8.899450000000000728e+03
4.490000000000000000e+02 8.922149999999999636e+03
5.690000000000000000e+02 8.923600000000000364e+03
4.890000000000000000e+02 8.972100000000000364e+03
7.770000000000000000e+02 8.975100000000000364e+03
5.530000000000000000e+02 8.985649999999999636e+03
6.820000000000000000e+02 1.210000000000000000e+02
7.860000000000000000e+02 1.697000000000000171e+02
4.820000000000000000e+02 1.801500000000000057e+02
6.020000000000000000e+02 1.810999999999999943e+02
6.740000000000000000e+02 1.958499999999999943e+02
6.820000000000000000e+02 2.958500000000000227e+02
4.660000000000000000e+02 2.967500000000000000e+02
5.540000000000000000e+02 3.631000000000000227e+02
7.540000000000000000e+02 3.651000000000000227e+02
5.300000000000000000e+02 3.936000000000000227e+02
4.420000000000000000e+02 4.278500000000000227e+02
7.460000000000000000e+02 4.484499999999999886e+02
5.460000000000000000e+02 4.666000000000000227e+02
4.500000000000000000e+02 4.705000000000000000e+02
4.900000000000000000e+02 4.706500000000000341e+02
4.020000000000000000e+02 5.117500000000000000e+02
7.140000000000000000e+02 5.419500000000000455e+02
7.540000000000000000e+02 5.616499999999999773e+02
5.860000000000000000e+02 5.912500000000000000e+02
4.340000000000000000e+02 5.946000000000000227e+02
5.220000000000000000e+02 6.121000000000000227e+02
5.460000000000000000e+02 6.212500000000000000e+02
6.100000000000000000e+02 6.222000000000000455e+02
4.180000000000000000e+02 6.511499999999999773e+02
7.460000000000000000e+02 6.541499999999999773e+02
5.300000000000000000e+02 6.561000000000000227e+02
6.740000000000000000e+02 6.621000000000000227e+02
6.260000000000000000e+02 6.778999999999999773e+02
5.620000000000000000e+02 6.859500000000000455e+02
5.700000000000000000e+02 7.665500000000000682e+02
6.020000000000000000e+02 7.731499999999999773e+02
6.580000000000000000e+02 8.358000000000000682e+02
6.100000000000000000e+02 9.142500000000000000e+02
7.700000000000000000e+02 9.630500000000000682e+02
5.460000000000000000e+02 1.005700000000000045e+03
5.620000000000000000e+02 1.038349999999999909e+03
4.260000000000000000e+02 1.080799999999999955e+03
5.860000000000000000e+02 1.103250000000000000e+03
5.300000000000000000e+02 1.116500000000000000e+03
7.380000000000000000e+02 1.248700000000000045e+03
6.180000000000000000e+02 1.309299999999999955e+03
7.540000000000000000e+02 1.332200000000000045e+03
5.700000000000000000e+02 1.357299999999999955e+03
6.900000000000000000e+02 1.372750000000000000e+03
4.980000000000000000e+02 1.475200000000000045e+03
7.860000000000000000e+02 1.486750000000000000e+03
5.220000000000000000e+02 1.493000000000000000e+03
7.780000000000000000e+02 1.613799999999999955e+03
4.340000000000000000e+02 1.649400000000000091e+03
6.820000000000000000e+02 1.669450000000000045e+03
6.900000000000000000e+02 1.679400000000000091e+03
7.140000000000000000e+02 1.680100000000000136e+03
7.380000000000000000e+02 1.732299999999999955e+03
4.900000000000000000e+02 1.745150000000000091e+03
5.380000000000000000e+02 1.817950000000000045e+03
4.260000000000000000e+02 1.878000000000000000e+03
4.740000000000000000e+02 1.923700000000000045e+03
6.420000000000000000e+02 1.950150000000000091e+03
5.220000000000000000e+02 1.969350000000000136e+03
7.860000000000000000e+02 1.994650000000000091e+03
7.460000000000000000e+02 2.046950000000000045e+03
4.580000000000000000e+02 2.090449999999999818e+03
7.860000000000000000e+02 2.098449999999999818e+03
4.020000000000000000e+02 2.109599999999999909e+03
5.460000000000000000e+02 2.110550000000000182e+03
5.780000000000000000e+02 2.196000000000000000e+03
7.300000000000000000e+02 2.322000000000000000e+03
4.180000000000000000e+02 2.322849999999999909e+03
4.580000000000000000e+02 2.350599999999999909e+03
7.940000000000000000e+02 2.435550000000000182e+03
5.860000000000000000e+02 2.530650000000000091e+03
6.340000000000000000e+02 2.532700000000000273e+03
5.140000000000000000e+02 2.560300000000000182e+03
4.100000000000000000e+02 2.562900000000000091e+03
5.700000000000000000e+02 2.640599999999999909e+03
7.700000000000000000e+02 2.684849999999999909e+03
6.020000000000000000e+02 2.728900000000000091e+03
7.380000000000000000e+02 2.764099999999999909e+03
7.060000000000000000e+02 2.767250000000000000e+03
5.620000000000000000e+02 2.771250000000000000e+03
7.540000000000000000e+02 2.838349999999999909e+03
6.580000000000000000e+02 2.883500000000000000e+03
7.300000000000000000e+02 2.890400000000000091e+03
5.300000000000000000e+02 3.085400000000000091e+03
5.140000000000000000e+02 3.094900000000000091e+03
4.900000000000000000e+02 3.126099999999999909e+03
4.900000000000000000e+02 3.187650000000000091e+03
4.820000000000000000e+02 3.310700000000000273e+03
6.260000000000000000e+02 3.317150000000000091e+03
7.780000000000000000e+02 3.363550000000000182e+03
6.260000000000000000e+02 3.365900000000000091e+03
5.940000000000000000e+02 3.369000000000000000e+03
5.300000000000000000e+02 3.414200000000000273e+03
6.820000000000000000e+02 3.457000000000000000e+03
7.700000000000000000e+02 3.513950000000000273e+03
4.020000000000000000e+02 3.518000000000000000e+03
4.660000000000000000e+02 3.523099999999999909e+03
7.780000000000000000e+02 3.625450000000000273e+03
5.300000000000000000e+02 3.654750000000000000e+03
6.180000000000000000e+02 3.760300000000000182e+03
4.020000000000000000e+02 3.770650000000000091e+03
4.180000000000000000e+02 3.818250000000000000e+03
6.260000000000000000e+02 3.818800000000000182e+03
4.980000000000000000e+02 3.882150000000000091e+03
4.660000000000000000e+02 3.892150000000000091e+03
5.460000000000000000e+02 3.974800000000000182e+03
5.540000000000000000e+02 4.038150000000000091e+03
6.820000000000000000e+02 4.275550000000000182e+03
7.780000000000000000e+02 4.320500000000000000e+03
6.260000000000000000e+02 4.328199999999999818e+03
7.460000000000000000e+02 4.388400000000000546e+03
5.060000000000000000e+02 4.418150000000000546e+03
4.100000000000000000e+02 4.439100000000000364e+03
5.060000000000000000e+02 4.514250000000000000e+03
6.660000000000000000e+02 4.652050000000000182e+03
5.380000000000000000e+02 4.701400000000000546e+03
7.780000000000000000e+02 4.702500000000000000e+03
6.260000000000000000e+02 4.792199999999999818e+03
7.300000000000000000e+02 4.883400000000000546e+03
5.380000000000000000e+02 5.118400000000000546e+03
6.420000000000000000e+02 5.149449999999999818e+03
5.620000000000000000e+02 5.151050000000000182e+03
4.180000000000000000e+02 5.152150000000000546e+03
6.420000000000000000e+02 5.348150000000000546e+03
7.780000000000000000e+02 5.480150000000000546e+03
7.380000000000000000e+02 5.556300000000000182e+03
5.060000000000000000e+02 5.579800000000000182e+03
6.340000000000000000e+02 5.669150000000000546e+03
5.300000000000000000e+02 5.710250000000000000e+03
6.260000000000000000e+02 5.734699999999999818e+03
6.820000000000000000e+02 5.747500000000000000e+03
4.740000000000000000e+02 5.779699999999999818e+03
5.700000000000000000e+02 5.834900000000000546e+03
4.020000000000000000e+02 5.896550000000000182e+03
6.820000000000000000e+02 5.924350000000000364e+03
7.060000000000000000e+02 6.015650000000000546e+03
4.020000000000000000e+02 6.017600000000000364e+03
5.300000000000000000e+02 6.096449999999999818e+03
4.100000000000000000e+02 6.122800000000000182e+03
5.780000000000000000e+02 6.144550000000000182e+03
6.260000000000000000e+02 6.194100000000000364e+03
7.780000000000000000e+02 6.214800000000000182e+03
6.500000000000000000e+02 6.217400000000000546e+03
5.620000000000000000e+02 6.245949999999999818e+03
5.860000000000000000e+02 6.266150000000000546e+03
5.700000000000000000e+02 6.295600000000000364e+03
5.140000000000000000e+02 6.296050000000000182e+03
4.660000000000000000e+02 6.298400000000000546e+03
4.340000000000000000e+02 6.387250000000000000e+03
6.740000000000000000e+02 6.414650000000000546e+03
7.220000000000000000e+02 6.436449999999999818e+03
7.140000000000000000e+02 6.463449999999999818e+03
4.100000000000000000e+02 6.465000000000000000e+03
6.820000000000000000e+02 6.501400000000000546e+03
4.260000000000000000e+02 6.540300000000000182e+03
5.860000000000000000e+02 6.542300000000000182e+03
4.420000000000000000e+02 6.611550000000000182e+03
5.140000000000000000e+02 6.652850000000000364e+03
5.300000000000000000e+02 6.671350000000000364e+03
7.620000000000000000e+02 6.725600000000000364e+03
5.060000000000000000e+02 6.741650000000000546e+03
6.660000000000000000e+02 6.821900000000000546e+03
4.420000000000000000e+02 6.935699999999999818e+03
4.100000000000000000e+02 7.052900000000000546e+03
5.060000000000000000e+02 7.058699999999999818e+03
7.060000000000000000e+02 7.075900000000000546e+03
5.060000000000000000e+02 7.156800000000000182e+03
4.420000000000000000e+02 7.158650000000000546e+03
5.940000000000000000e+02 7.175449999999999818e+03
6.020000000000000000e+02 7.182949999999999818e+03
4.180000000000000000e+02 7.245300000000000182e+03
4.420000000000000000e+02 7.251949999999999818e+03
4.660000000000000000e+02 7.382449999999999818e+03
6.260000000000000000e+02 7.447250000000000000e+03
6.180000000000000000e+02 7.479600000000000364e+03
4.020000000000000000e+02 7.485350000000000364e+03
5.620000000000000000e+02 7.498199999999999818e+03
7.940000000000000000e+02 7.504100000000000364e+03
4.660000000000000000e+02 7.510949999999999818e+03
5.380000000000000000e+02 7.532100000000000364e+03
6.660000000000000000e+02 7.587100000000000364e+03
5.300000000000000000e+02 7.645000000000000000e+03
6.660000000000000000e+02 7.665100000000000364e+03
6.900000000000000000e+02 7.687800000000000182e+03
4.900000000000000000e+02 7.739250000000000000e+03
6.340000000000000000e+02 7.753449999999999818e+03
5.460000000000000000e+02 7.799900000000000546e+03
5.380000000000000000e+02 7.807400000000000546e+03
5.300000000000000000e+02 7.887850000000000364e+03
7.940000000000000000e+02 7.974400000000000546e+03
5.700000000000000000e+02 7.997150000000000546e+03
7.860000000000000000e+02 8.037300000000000182e+03
5.060000000000000000e+02 8.046650000000000546e+03
5.620000000000000000e+02 8.052000000000000000e+03
5.620000000000000000e+02 8.121699999999999818e+03
7.060000000000000000e+02 8.141750000000000000e+03
4.180000000000000000e+02 8.160250000000000000e+03
4.740000000000000000e+02 8.265200000000000728e+03
5.940000000000000000e+02 8.276850000000000364e+03
7.380000000000000000e+02 8.283299999999999272e+03
7.940000000000000000e+02 8.346200000000000728e+03
4.180000000000000000e+02 8.378000000000000000e+03
7.460000000000000000e+02 8.513450000000000728e+03
4.980000000000000000e+02 8.545549999999999272e+03
5.620000000000000000e+02 8.553100000000000364e+03
4.980000000000000000e+02 8.735049999999999272e+03
7.460000000000000000e+02 8.757649999999999636e+03
7.140000000000000000e+02 8.768649999999999636e+03
5.140000000000000000e+02 8.776600000000000364e+03
6.100000000000000000e+02 8.796200000000000728e+03
6.980000000000000000e+02 8.808950000000000728e+03
5.460000000000000000e+02 8.864950000000000728e+03
6.820000000000000000e+02 8.912450000000000728e+03
5.780000000000000000e+02 8.918600000000000364e+03
4.020000000000000000e+02 8.973050000000001091e+03
6.980000000000000000e+02 8.994100000000000364e+03
4.030000000000000000e+02 1.735000000000000000e+02
6.030000000000000000e+02 2.260999999999999943e+02
6.270000000000000000e+02 4.316999999999999886e+02
5.070000000000000000e+02 4.621000000000000227e+02
7.070000000000000000e+02 4.663000000000000114e+02
5.230000000000000000e+02 5.070000000000000000e+02
5.150000000000000000e+02 5.370499999999999545e+02
6.110000000000000000e+02 5.411000000000000227e+02
4.670000000000000000e+02 5.804500000000000455e+02
4.430000000000000000e+02 7.202000000000000455e+02
5.630000000000000000e+02 7.455000000000000000e+02
7.470000000000000000e+02 7.736499999999999773e+02
4.190000000000000000e+02 7.811000000000000227e+02
5.550000000000000000e+02 8.380500000000000682e+02
6.110000000000000000e+02 8.582500000000000000e+02
5.230000000000000000e+02 8.693500000000000227e+02
5.710000000000000000e+02 8.962000000000000455e+02
7.710000000000000000e+02 9.048000000000000682e+02
7.390000000000000000e+02 9.171000000000000227e+02
6.110000000000000000e+02 9.591499999999999773e+02
7.070000000000000000e+02 9.982000000000000455e+02
7.710000000000000000e+02 1.033049999999999955e+03
5.070000000000000000e+02 1.074799999999999955e+03
7.630000000000000000e+02 1.133500000000000000e+03
7.470000000000000000e+02 1.169049999999999955e+03
5.950000000000000000e+02 1.188950000000000045e+03
7.870000000000000000e+02 1.190299999999999955e+03
4.990000000000000000e+02 1.206200000000000045e+03
6.110000000000000000e+02 1.225200000000000045e+03
6.430000000000000000e+02 1.251799999999999955e+03
4.030000000000000000e+02 1.374799999999999955e+03
7.150000000000000000e+02 1.432250000000000000e+03
6.190000000000000000e+02 1.447200000000000045e+03
7.470000000000000000e+02 1.479750000000000000e+03
6.510000000000000000e+02 1.530600000000000136e+03
6.830000000000000000e+02 1.587900000000000091e+03
7.950000000000000000e+02 1.641200000000000045e+03
4.270000000000000000e+02 1.643650000000000091e+03
5.070000000000000000e+02 1.661600000000000136e+03
6.110000000000000000e+02 1.661650000000000091e+03
7.870000000000000000e+02 1.678299999999999955e+03
4.190000000000000000e+02 1.721750000000000000e+03
4.510000000000000000e+02 1.733250000000000000e+03
7.310000000000000000e+02 1.781799999999999955e+03
6.430000000000000000e+02 1.790150000000000091e+03
7.070000000000000000e+02 1.828750000000000000e+03
6.830000000000000000e+02 1.835350000000000136e+03
5.070000000000000000e+02 1.919200000000000045e+03
7.790000000000000000e+02 1.930750000000000000e+03
4.430000000000000000e+02 2.040100000000000136e+03
4.030000000000000000e+02 2.163150000000000091e+03
7.230000000000000000e+02 2.168150000000000091e+03
4.750000000000000000e+02 2.184599999999999909e+03
6.830000000000000000e+02 2.184800000000000182e+03
7.550000000000000000e+02 2.185650000000000091e+03
7.870000000000000000e+02 2.252099999999999909e+03
5.950000000000000000e+02 2.469700000000000273e+03
4.830000000000000000e+02 2.475349999999999909e+03
4.190000000000000000e+02 2.619250000000000000e+03
5.310000000000000000e+02 2.654200000000000273e+03
6.670000000000000000e+02 2.678200000000000273e+03
5.790000000000000000e+02 2.692349999999999909e+03
5.710000000000000000e+02 2.713750000000000000e+03
7.550000000000000000e+02 2.745550000000000182e+03
4.590000000000000000e+02 2.765349999999999909e+03
7.070000000000000000e+02 2.769150000000000091e+03
7.230000000000000000e+02 2.779650000000000091e+03
6.430000000000000000e+02 2.827099999999999909e+03
6.750000000000000000e+02 2.832000000000000000e+03
7.470000000000000000e+02 2.882000000000000000e+03
4.910000000000000000e+02 2.894950000000000273e+03
6.110000000000000000e+02 2.920599999999999909e+03
7.950000000000000000e+02 2.924050000000000182e+03
6.910000000000000000e+02 2.938200000000000273e+03
7.150000000000000000e+02 2.945849999999999909e+03
7.230000000000000000e+02 2.955599999999999909e+03
5.550000000000000000e+02 2.991650000000000091e+03
7.790000000000000000e+02 3.007300000000000182e+03
7.470000000000000000e+02 3.062000000000000000e+03
7.870000000000000000e+02 3.134599999999999909e+03
6.270000000000000000e+02 3.182750000000000000e+03
6.030000000000000000e+02 3.183950000000000273e+03
5.390000000000000000e+02 3.200900000000000091e+03
6.350000000000000000e+02 3.309200000000000273e+03
4.190000000000000000e+02 3.366300000000000182e+03
6.830000000000000000e+02 3.384599999999999909e+03
4.110000000000000000e+02 3.393700000000000273e+03
7.710000000000000000e+02 3.416450000000000273e+03
6.910000000000000000e+02 3.420599999999999909e+03
6.030000000000000000e+02 3.435150000000000091e+03
4.430000000000000000e+02 3.488150000000000091e+03
7.870000000000000000e+02 3.519050000000000182e+03
5.870000000000000000e+02 3.571750000000000000e+03
6.350000000000000000e+02 3.631099999999999909e+03
5.390000000000000000e+02 3.681500000000000000e+03
6.990000000000000000e+02 3.686050000000000182e+03
5.630000000000000000e+02 3.741650000000000091e+03
7.390000000000000000e+02 3.753750000000000000e+03
7.790000000000000000e+02 3.898650000000000091e+03
6.350000000000000000e+02 3.978500000000000000e+03
5.470000000000000000e+02 4.082400000000000091e+03
4.030000000000000000e+02 4.088750000000000000e+03
7.950000000000000000e+02 4.185500000000000000e+03
5.790000000000000000e+02 4.192800000000000182e+03
4.510000000000000000e+02 4.223300000000000182e+03
6.030000000000000000e+02 4.226550000000000182e+03
7.950000000000000000e+02 4.285449999999999818e+03
5.070000000000000000e+02 4.291199999999999818e+03
5.390000000000000000e+02 4.331949999999999818e+03
6.750000000000000000e+02 4.366350000000000364e+03
6.910000000000000000e+02 4.548100000000000364e+03
7.870000000000000000e+02 4.664050000000000182e+03
5.790000000000000000e+02 4.674300000000000182e+03
4.670000000000000000e+02 4.711050000000000182e+03
4.190000000000000000e+02 4.791150000000000546e+03
6.430000000000000000e+02 4.817850000000000364e+03
7.630000000000000000e+02 4.823400000000000546e+03
7.950000000000000000e+02 4.928900000000000546e+03
6.030000000000000000e+02 5.052650000000000546e+03
5.310000000000000000e+02 5.121100000000000364e+03
4.430000000000000000e+02 5.325300000000000182e+03
5.710000000000000000e+02 5.376150000000000546e+03
5.390000000000000000e+02 5.506050000000000182e+03
4.190000000000000000e+02 5.530800000000000182e+03
6.910000000000000000e+02 5.663400000000000546e+03
5.790000000000000000e+02 5.709150000000000546e+03
6.830000000000000000e+02 5.775350000000000364e+03
5.470000000000000000e+02 5.808000000000000000e+03
5.870000000000000000e+02 5.837350000000000364e+03
5.630000000000000000e+02 5.896449999999999818e+03
6.510000000000000000e+02 5.945500000000000000e+03
4.590000000000000000e+02 5.956000000000000000e+03
4.670000000000000000e+02 6.046350000000000364e+03
7.870000000000000000e+02 6.166850000000000364e+03
6.910000000000000000e+02 6.179150000000000546e+03
5.950000000000000000e+02 6.261350000000000364e+03
7.070000000000000000e+02 6.266650000000000546e+03
6.590000000000000000e+02 6.291500000000000000e+03
7.310000000000000000e+02 6.298199999999999818e+03
6.190000000000000000e+02 6.306050000000000182e+03
4.910000000000000000e+02 6.383500000000000000e+03
5.630000000000000000e+02 6.384900000000000546e+03
6.270000000000000000e+02 6.385750000000000000e+03
4.510000000000000000e+02 6.391300000000000182e+03
5.230000000000000000e+02 6.395199999999999818e+03
6.350000000000000000e+02 6.407400000000000546e+03
7.710000000000000000e+02 6.432350000000000364e+03
5.470000000000000000e+02 6.435850000000000364e+03
7.950000000000000000e+02 6.517600000000000364e+03
6.110000000000000000e+02 6.563199999999999818e+03
4.750000000000000000e+02 6.563449999999999818e+03
6.030000000000000000e+02 6.656699999999999818e+03
5.630000000000000000e+02 6.671550000000000182e+03
7.710000000000000000e+02 6.687250000000000000e+03
5.790000000000000000e+02 6.754699999999999818e+03
5.150000000000000000e+02 6.754900000000000546e+03
7.790000000000000000e+02 6.839600000000000364e+03
7.150000000000000000e+02 6.954800000000000182e+03
7.310000000000000000e+02 6.962250000000000000e+03
5.070000000000000000e+02 6.968800000000000182e+03
4.190000000000000000e+02 7.063800000000000182e+03
6.110000000000000000e+02 7.090150000000000546e+03
4.510000000000000000e+02 7.097750000000000000e+03
4.590000000000000000e+02 7.212350000000000364e+03
5.950000000000000000e+02 7.241650000000000546e+03
4.990000000000000000e+02 7.306949999999999818e+03
6.590000000000000000e+02 7.310100000000000364e+03
6.750000000000000000e+02 7.311650000000000546e+03
4.030000000000000000e+02 7.346650000000000546e+03
6.350000000000000000e+02 7.488699999999999818e+03
7.310000000000000000e+02 7.576699999999999818e+03
4.750000000000000000e+02 7.594600000000000364e+03
6.830000000000000000e+02 7.603550000000000182e+03
7.470000000000000000e+02 7.661199999999999818e+03
4.670000000000000000e+02 7.683199999999999818e+03
4.750000000000000000e+02 7.738449999999999818e+03
5.790000000000000000e+02 7.755750000000000000e+03
5.630000000000000000e+02 7.802449999999999818e+03
5.790000000000000000e+02 7.853600000000000364e+03
7.390000000000000000e+02 7.931050000000000182e+03
7.150000000000000000e+02 8.000449999999999818e+03
6.750000000000000000e+02 8.002250000000000000e+03
6.510000000000000000e+02 8.034600000000000364e+03
7.630000000000000000e+02 8.038650000000000546e+03
5.550000000000000000e+02 8.040800000000000182e+03
5.950000000000000000e+02 8.081500000000000000e+03
7.550000000000000000e+02 8.102199999999999818e+03
6.910000000000000000e+02 8.106850000000000364e+03
4.030000000000000000e+02 8.114850000000000364e+03
6.430000000000000000e+02 8.222149999999999636e+03
6.510000000000000000e+02 8.295600000000000364e+03
6.910000000000000000e+02 8.361950000000000728e+03
6.110000000000000000e+02 8.401799999999999272e+03
7.070000000000000000e+02 8.441950000000000728e+03
6.030000000000000000e+02 8.516299999999999272e+03
5.070000000000000000e+02 8.546450000000000728e+03
4.190000000000000000e+02 8.687549999999999272e+03
4.670000000000000000e+02 8.707799999999999272e+03
7.310000000000000000e+02 8.800000000000000000e+03
6.670000000000000000e+02 8.808750000000000000e+03
6.910000000000000000e+02 8.893450000000000728e+03
6.990000000000000000e+02 8.895100000000000364e+03
4.990000000000000000e+02 8.937399999999999636e+03
4.190000000000000000e+02 8.973800000000001091e+03
5.950000000000000000e+02 8.976100000000000364e+03
5.080000000000000000e+02 1.360000000000000000e+02
5.960000000000000000e+02 1.724500000000000171e+02
4.040000000000000000e+02 1.805999999999999943e+02
7.080000000000000000e+02 2.146500000000000057e+02
4.760000000000000000e+02 2.413499999999999943e+02
5.560000000000000000e+02 3.059000000000000341e+02
7.480000000000000000e+02 3.125500000000000114e+02
7.560000000000000000e+02 3.135000000000000000e+02
7.880000000000000000e+02 3.171000000000000227e+02
5.160000000000000000e+02 3.632500000000000000e+02
5.000000000000000000e+02 3.678500000000000227e+02
6.040000000000000000e+02 3.842500000000000000e+02
7.640000000000000000e+02 4.039499999999999886e+02
4.840000000000000000e+02 4.829499999999999886e+02
6.920000000000000000e+02 6.116499999999999773e+02
5.720000000000000000e+02 6.503999999999999773e+02
5.800000000000000000e+02 6.841499999999999773e+02
4.680000000000000000e+02 6.936000000000000227e+02
5.960000000000000000e+02 7.671499999999999773e+02
7.000000000000000000e+02 7.743999999999999773e+02
7.640000000000000000e+02 8.143000000000000682e+02
5.400000000000000000e+02 8.353500000000000227e+02
5.640000000000000000e+02 9.086499999999999773e+02
6.760000000000000000e+02 9.162000000000000455e+02
7.880000000000000000e+02 9.216499999999999773e+02
6.280000000000000000e+02 9.231499999999999773e+02
7.000000000000000000e+02 9.378999999999999773e+02
4.520000000000000000e+02 9.417500000000000000e+02
4.040000000000000000e+02 9.575000000000000000e+02
5.160000000000000000e+02 9.624500000000000455e+02
6.920000000000000000e+02 1.022550000000000068e+03
6.360000000000000000e+02 1.042349999999999909e+03
4.040000000000000000e+02 1.148000000000000000e+03
5.160000000000000000e+02 1.164000000000000000e+03
6.840000000000000000e+02 1.165600000000000136e+03
5.720000000000000000e+02 1.174350000000000136e+03
5.080000000000000000e+02 1.193950000000000045e+03
5.880000000000000000e+02 1.208650000000000091e+03
6.120000000000000000e+02 1.224299999999999955e+03
5.720000000000000000e+02 1.233600000000000136e+03
5.960000000000000000e+02 1.291150000000000091e+03
7.080000000000000000e+02 1.294000000000000000e+03
5.880000000000000000e+02 1.396049999999999955e+03
5.080000000000000000e+02 1.452400000000000091e+03
7.880000000000000000e+02 1.523450000000000045e+03
5.560000000000000000e+02 1.558350000000000136e+03
6.680000000000000000e+02 1.568549999999999955e+03
6.120000000000000000e+02 1.632100000000000136e+03
4.680000000000000000e+02 1.642650000000000091e+03
5.160000000000000000e+02 1.666049999999999955e+03
4.920000000000000000e+02 1.742950000000000045e+03
4.680000000000000000e+02 1.767600000000000136e+03
7.720000000000000000e+02 1.786500000000000000e+03
5.400000000000000000e+02 1.986400000000000091e+03
5.880000000000000000e+02 1.996950000000000045e+03
5.960000000000000000e+02 2.031600000000000136e+03
4.040000000000000000e+02 2.046950000000000045e+03
5.080000000000000000e+02 2.071750000000000000e+03
7.480000000000000000e+02 2.084449999999999818e+03
6.200000000000000000e+02 2.126650000000000091e+03
4.600000000000000000e+02 2.128199999999999818e+03
4.120000000000000000e+02 2.230650000000000091e+03
7.960000000000000000e+02 2.246900000000000091e+03
6.200000000000000000e+02 2.251349999999999909e+03
5.320000000000000000e+02 2.257450000000000273e+03
6.600000000000000000e+02 2.277849999999999909e+03
7.800000000000000000e+02 2.352500000000000000e+03
4.120000000000000000e+02 2.367700000000000273e+03
7.960000000000000000e+02 2.436800000000000182e+03
4.200000000000000000e+02 2.518700000000000273e+03
7.960000000000000000e+02 2.572000000000000000e+03
5.560000000000000000e+02 2.573300000000000182e+03
7.880000000000000000e+02 2.669150000000000091e+03
6.360000000000000000e+02 2.769150000000000091e+03
5.080000000000000000e+02 2.783550000000000182e+03
7.160000000000000000e+02 2.904849999999999909e+03
6.360000000000000000e+02 2.931900000000000091e+03
5.160000000000000000e+02 2.954250000000000000e+03
7.560000000000000000e+02 3.078950000000000273e+03
4.520000000000000000e+02 3.151599999999999909e+03
6.280000000000000000e+02 3.354349999999999909e+03
5.080000000000000000e+02 3.369800000000000182e+03
6.440000000000000000e+02 3.461900000000000091e+03
5.160000000000000000e+02 3.486500000000000000e+03
7.400000000000000000e+02 3.486900000000000091e+03
4.200000000000000000e+02 3.626300000000000182e+03
4.600000000000000000e+02 3.671950000000000273e+03
7.880000000000000000e+02 3.680750000000000000e+03
4.280000000000000000e+02 3.686450000000000273e+03
6.120000000000000000e+02 3.708450000000000273e+03
5.160000000000000000e+02 3.766150000000000091e+03
5.000000000000000000e+02 3.789200000000000273e+03
4.600000000000000000e+02 3.869849999999999909e+03
4.360000000000000000e+02 3.894349999999999909e+03
5.160000000000000000e+02 3.928550000000000182e+03
6.680000000000000000e+02 3.956450000000000273e+03
6.360000000000000000e+02 3.984500000000000000e+03
7.960000000000000000e+02 3.987349999999999909e+03
4.680000000000000000e+02 3.998300000000000182e+03
6.760000000000000000e+02 4.097949999999999818e+03
7.880000000000000000e+02 4.117050000000000182e+03
5.480000000000000000e+02 4.136899999999999636e+03
4.680000000000000000e+02 4.255949999999999818e+03
7.800000000000000000e+02 4.262949999999999818e+03
5.400000000000000000e+02 4.328250000000000000e+03
5.000000000000000000e+02 4.355850000000000364e+03
6.440000000000000000e+02 4.487949999999999818e+03
7.400000000000000000e+02 4.502600000000000364e+03
4.840000000000000000e+02 4.503800000000000182e+03
4.040000000000000000e+02 4.544850000000000364e+03
6.840000000000000000e+02 4.636600000000000364e+03
7.800000000000000000e+02 4.642100000000000364e+03
7.640000000000000000e+02 4.764150000000000546e+03
4.600000000000000000e+02 4.937699999999999818e+03
7.800000000000000000e+02 4.970100000000000364e+03
4.120000000000000000e+02 4.972750000000000000e+03
4.440000000000000000e+02 5.005650000000000546e+03
6.520000000000000000e+02 5.017900000000000546e+03
6.520000000000000000e+02 5.111400000000000546e+03
7.960000000000000000e+02 5.185550000000000182e+03
4.440000000000000000e+02 5.267850000000000364e+03
5.960000000000000000e+02 5.329199999999999818e+03
6.280000000000000000e+02 5.373600000000000364e+03
7.960000000000000000e+02 5.377750000000000000e+03
6.760000000000000000e+02 5.379750000000000000e+03
5.240000000000000000e+02 5.554900000000000546e+03
5.000000000000000000e+02 5.656050000000000182e+03
7.640000000000000000e+02 5.796650000000000546e+03
6.440000000000000000e+02 5.903100000000000364e+03
7.000000000000000000e+02 5.914750000000000000e+03
5.480000000000000000e+02 5.925250000000000000e+03
4.520000000000000000e+02 6.050199999999999818e+03
5.400000000000000000e+02 6.099400000000000546e+03
4.040000000000000000e+02 6.129100000000000364e+03
4.440000000000000000e+02 6.136100000000000364e+03
4.280000000000000000e+02 6.196350000000000364e+03
7.400000000000000000e+02 6.258300000000000182e+03
5.960000000000000000e+02 6.275800000000000182e+03
6.120000000000000000e+02 6.283750000000000000e+03
7.080000000000000000e+02 6.361400000000000546e+03
5.960000000000000000e+02 6.461250000000000000e+03
6.760000000000000000e+02 6.524000000000000000e+03
4.600000000000000000e+02 6.613100000000000364e+03
4.840000000000000000e+02 6.676300000000000182e+03
4.360000000000000000e+02 6.764000000000000000e+03
7.560000000000000000e+02 6.833250000000000000e+03
4.920000000000000000e+02 6.878350000000000364e+03
4.680000000000000000e+02 6.926900000000000546e+03
7.000000000000000000e+02 6.951949999999999818e+03
4.280000000000000000e+02 7.029050000000000182e+03
6.360000000000000000e+02 7.029350000000000364e+03
6.360000000000000000e+02 7.119699999999999818e+03
5.480000000000000000e+02 7.242050000000000182e+03
6.040000000000000000e+02 7.304600000000000364e+03
6.760000000000000000e+02 7.318949999999999818e+03
5.880000000000000000e+02 7.339000000000000000e+03
6.120000000000000000e+02 7.371449999999999818e+03
4.520000000000000000e+02 7.459150000000000546e+03
6.600000000000000000e+02 7.461350000000000364e+03
5.400000000000000000e+02 7.475500000000000000e+03
6.440000000000000000e+02 7.485900000000000546e+03
7.880000000000000000e+02 7.489050000000000182e+03
7.400000000000000000e+02 7.500199999999999818e+03
7.480000000000000000e+02 7.501699999999999818e+03
5.160000000000000000e+02 7.588650000000000546e+03
7.560000000000000000e+02 7.589600000000000364e+03
7.160000000000000000e+02 7.707000000000000000e+03
5.160000000000000000e+02 7.723800000000000182e+03
5.640000000000000000e+02 7.776100000000000364e+03
6.680000000000000000e+02 7.828300000000000182e+03
6.120000000000000000e+02 7.894100000000000364e+03
5.400000000000000000e+02 7.921050000000000182e+03
4.520000000000000000e+02 7.955550000000000182e+03
7.320000000000000000e+02 8.098050000000000182e+03
5.160000000000000000e+02 8.133050000000000182e+03
6.760000000000000000e+02 8.250200000000000728e+03
4.840000000000000000e+02 8.252250000000000000e+03
4.120000000000000000e+02 8.291299999999999272e+03
4.840000000000000000e+02 8.375950000000000728e+03
7.880000000000000000e+02 8.397899999999999636e+03
6.200000000000000000e+02 8.405799999999999272e+03
5.240000000000000000e+02 8.421950000000000728e+03
4.840000000000000000e+02 8.448000000000000000e+03
4.360000000000000000e+02 8.454750000000000000e+03
5.720000000000000000e+02 8.457000000000000000e+03
6.120000000000000000e+02 8.480850000000000364e+03
7.800000000000000000e+02 8.502149999999999636e+03
6.120000000000000000e+02 8.563500000000000000e+03
4.680000000000000000e+02 8.567799999999999272e+03
4.440000000000000000e+02 8.591049999999999272e+03
7.160000000000000000e+02 8.655700000000000728e+03
7.640000000000000000e+02 8.669950000000000728e+03
7.880000000000000000e+02 8.672149999999999636e+03
7.240000000000000000e+02 8.707899999999999636e+03
7.640000000000000000e+02 8.729500000000000000e+03
5.720000000000000000e+02 8.756649999999999636e+03
5.400000000000000000e+02 8.841899999999999636e+03
4.520000000000000000e+02 8.850200000000000728e+03
7.320000000000000000e+02 8.906350000000000364e+03
6.600000000000000000e+02 8.934700000000000728e+03
5.880000000000000000e+02 8.939050000000001091e+03
4.680000000000000000e+02 8.992750000000000000e+03
7.410000000000000000e+02 1.016500000000000057e+02
7.250000000000000000e+02 1.448499999999999943e+02
7.810000000000000000e+02 1.650999999999999943e+02
7.090000000000000000e+02 1.791500000000000057e+02
6.530000000000000000e+02 1.904000000000000057e+02
7.970000000000000000e+02 2.333000000000000114e+02
5.970000000000000000e+02 2.681499999999999773e+02
6.530000000000000000e+02 2.763000000000000114e+02
5.330000000000000000e+02 2.776500000000000341e+02
5.730000000000000000e+02 2.783500000000000227e+02
4.610000000000000000e+02 2.851000000000000227e+02
5.570000000000000000e+02 3.468000000000000114e+02
6.450000000000000000e+02 3.951500000000000341e+02
6.210000000000000000e+02 4.181000000000000227e+02
5.810000000000000000e+02 4.229000000000000341e+02
4.290000000000000000e+02 5.502500000000000000e+02
7.330000000000000000e+02 5.854500000000000455e+02
4.530000000000000000e+02 6.023500000000000227e+02
6.370000000000000000e+02 6.948500000000000227e+02
6.050000000000000000e+02 7.209500000000000455e+02
6.770000000000000000e+02 7.228999999999999773e+02
5.010000000000000000e+02 7.238500000000000227e+02
6.130000000000000000e+02 7.334500000000000455e+02
6.450000000000000000e+02 7.666499999999999773e+02
6.530000000000000000e+02 7.788500000000000227e+02
6.770000000000000000e+02 8.096499999999999773e+02
7.170000000000000000e+02 8.959500000000000455e+02
4.610000000000000000e+02 9.982500000000000000e+02
4.930000000000000000e+02 1.007500000000000000e+03
7.570000000000000000e+02 1.035500000000000000e+03
5.170000000000000000e+02 1.054750000000000000e+03
5.250000000000000000e+02 1.103450000000000045e+03
6.850000000000000000e+02 1.115500000000000000e+03
7.330000000000000000e+02 1.220350000000000136e+03
7.570000000000000000e+02 1.249350000000000136e+03
7.810000000000000000e+02 1.279299999999999955e+03
4.290000000000000000e+02 1.331950000000000045e+03
7.650000000000000000e+02 1.361400000000000091e+03
6.050000000000000000e+02 1.375600000000000136e+03
7.170000000000000000e+02 1.396299999999999955e+03
4.690000000000000000e+02 1.501549999999999955e+03
4.050000000000000000e+02 1.552350000000000136e+03
7.250000000000000000e+02 1.566850000000000136e+03
6.770000000000000000e+02 1.586750000000000000e+03
7.570000000000000000e+02 1.593750000000000000e+03
6.210000000000000000e+02 1.598850000000000136e+03
4.210000000000000000e+02 1.691200000000000045e+03
6.210000000000000000e+02 1.734700000000000045e+03
5.250000000000000000e+02 1.737049999999999955e+03
5.010000000000000000e+02 1.825549999999999955e+03
6.930000000000000000e+02 1.892250000000000000e+03
7.250000000000000000e+02 1.912350000000000136e+03
4.530000000000000000e+02 2.065000000000000000e+03
6.050000000000000000e+02 2.112000000000000000e+03
5.250000000000000000e+02 2.122449999999999818e+03
5.410000000000000000e+02 2.172250000000000000e+03
5.730000000000000000e+02 2.196050000000000182e+03
7.250000000000000000e+02 2.199650000000000091e+03
4.290000000000000000e+02 2.238400000000000091e+03
5.730000000000000000e+02 2.290000000000000000e+03
6.290000000000000000e+02 2.357349999999999909e+03
4.770000000000000000e+02 2.376900000000000091e+03
7.810000000000000000e+02 2.398900000000000091e+03
5.890000000000000000e+02 2.415349999999999909e+03
4.210000000000000000e+02 2.451050000000000182e+03
6.210000000000000000e+02 2.463000000000000000e+03
5.410000000000000000e+02 2.518099999999999909e+03
5.730000000000000000e+02 2.607450000000000273e+03
4.610000000000000000e+02 2.643849999999999909e+03
7.090000000000000000e+02 2.720550000000000182e+03
5.570000000000000000e+02 2.761750000000000000e+03
4.530000000000000000e+02 2.769400000000000091e+03
4.770000000000000000e+02 2.774250000000000000e+03
7.730000000000000000e+02 2.779450000000000273e+03
5.810000000000000000e+02 2.784150000000000091e+03
6.530000000000000000e+02 2.809599999999999909e+03
5.970000000000000000e+02 2.821250000000000000e+03
4.210000000000000000e+02 2.882250000000000000e+03
6.450000000000000000e+02 2.944500000000000000e+03
4.450000000000000000e+02 2.967849999999999909e+03
7.170000000000000000e+02 2.975050000000000182e+03
5.410000000000000000e+02 2.993200000000000273e+03
6.690000000000000000e+02 3.040750000000000000e+03
6.210000000000000000e+02 3.065550000000000182e+03
4.690000000000000000e+02 3.077650000000000091e+03
7.090000000000000000e+02 3.111250000000000000e+03
4.530000000000000000e+02 3.180800000000000182e+03
4.850000000000000000e+02 3.181849999999999909e+03
7.090000000000000000e+02 3.188300000000000182e+03
6.130000000000000000e+02 3.194650000000000091e+03
4.370000000000000000e+02 3.255250000000000000e+03
6.370000000000000000e+02 3.269400000000000091e+03
7.330000000000000000e+02 3.308650000000000091e+03
6.210000000000000000e+02 3.352000000000000000e+03
5.970000000000000000e+02 3.417700000000000273e+03
6.450000000000000000e+02 3.436349999999999909e+03
6.850000000000000000e+02 3.465849999999999909e+03
5.970000000000000000e+02 3.619849999999999909e+03
5.410000000000000000e+02 3.643000000000000000e+03
5.490000000000000000e+02 3.717450000000000273e+03
6.930000000000000000e+02 3.817650000000000091e+03
6.610000000000000000e+02 3.871349999999999909e+03
4.450000000000000000e+02 3.881849999999999909e+03
7.730000000000000000e+02 3.906400000000000091e+03
5.730000000000000000e+02 3.932349999999999909e+03
6.930000000000000000e+02 3.961050000000000182e+03
6.930000000000000000e+02 4.038550000000000182e+03
7.490000000000000000e+02 4.059349999999999909e+03
7.810000000000000000e+02 4.167300000000000182e+03
6.690000000000000000e+02 4.199399999999999636e+03
5.490000000000000000e+02 4.210149999999999636e+03
5.730000000000000000e+02 4.241699999999999818e+03
6.930000000000000000e+02 4.259600000000000364e+03
7.330000000000000000e+02 4.382500000000000000e+03
5.490000000000000000e+02 4.411350000000000364e+03
6.530000000000000000e+02 4.504150000000000546e+03
5.890000000000000000e+02 4.510000000000000000e+03
4.130000000000000000e+02 4.578800000000000182e+03
7.890000000000000000e+02 4.613699999999999818e+03
5.410000000000000000e+02 4.702650000000000546e+03
7.170000000000000000e+02 4.708250000000000000e+03
6.370000000000000000e+02 4.739850000000000364e+03
7.250000000000000000e+02 4.795500000000000000e+03
6.210000000000000000e+02 4.816949999999999818e+03
5.810000000000000000e+02 4.833400000000000546e+03
7.090000000000000000e+02 4.859100000000000364e+03
5.490000000000000000e+02 4.943449999999999818e+03
6.930000000000000000e+02 4.943650000000000546e+03
4.210000000000000000e+02 4.978800000000000182e+03
4.770000000000000000e+02 4.986650000000000546e+03
7.730000000000000000e+02 4.994600000000000364e+03
4.930000000000000000e+02 5.100100000000000364e+03
7.330000000000000000e+02 5.112750000000000000e+03
4.130000000000000000e+02 5.203000000000000000e+03
4.610000000000000000e+02 5.203199999999999818e+03
5.650000000000000000e+02 5.249800000000000182e+03
5.490000000000000000e+02 5.261699999999999818e+03
7.650000000000000000e+02 5.376449999999999818e+03
5.890000000000000000e+02 5.405449999999999818e+03
6.210000000000000000e+02 5.408050000000000182e+03
6.530000000000000000e+02 5.412750000000000000e+03
7.490000000000000000e+02 5.422800000000000182e+03
5.410000000000000000e+02 5.518150000000000546e+03
5.970000000000000000e+02 5.557800000000000182e+03
6.530000000000000000e+02 5.585199999999999818e+03
6.290000000000000000e+02 5.649350000000000364e+03
6.930000000000000000e+02 5.786150000000000546e+03
5.970000000000000000e+02 5.911850000000000364e+03
5.490000000000000000e+02 6.076100000000000364e+03
6.210000000000000000e+02 6.093300000000000182e+03
7.570000000000000000e+02 6.113199999999999818e+03
4.610000000000000000e+02 6.126500000000000000e+03
4.770000000000000000e+02 6.202600000000000364e+03
6.050000000000000000e+02 6.215650000000000546e+03
5.810000000000000000e+02 6.238300000000000182e+03
6.930000000000000000e+02 6.396449999999999818e+03
7.010000000000000000e+02 6.462050000000000182e+03
4.050000000000000000e+02 6.493900000000000546e+03
4.930000000000000000e+02 6.502600000000000364e+03
4.450000000000000000e+02 6.504150000000000546e+03
6.770000000000000000e+02 6.546250000000000000e+03
4.850000000000000000e+02 6.633900000000000546e+03
5.250000000000000000e+02 6.670600000000000364e+03
4.770000000000000000e+02 6.737900000000000546e+03
7.810000000000000000e+02 6.768900000000000546e+03
4.130000000000000000e+02 6.786300000000000182e+03
6.770000000000000000e+02 6.857699999999999818e+03
5.570000000000000000e+02 6.881500000000000000e+03
4.290000000000000000e+02 6.890350000000000364e+03
4.050000000000000000e+02 6.955150000000000546e+03
7.970000000000000000e+02 7.001400000000000546e+03
7.650000000000000000e+02 7.042250000000000000e+03
5.570000000000000000e+02 7.071250000000000000e+03
7.330000000000000000e+02 7.078100000000000364e+03
6.370000000000000000e+02 7.086600000000000364e+03
5.010000000000000000e+02 7.118949999999999818e+03
6.130000000000000000e+02 7.122699999999999818e+03
7.570000000000000000e+02 7.221600000000000364e+03
6.610000000000000000e+02 7.241199999999999818e+03
4.130000000000000000e+02 7.260400000000000546e+03
5.970000000000000000e+02 7.299199999999999818e+03
6.850000000000000000e+02 7.305600000000000364e+03
7.970000000000000000e+02 7.309150000000000546e+03
5.570000000000000000e+02 7.311800000000000182e+03
4.450000000000000000e+02 7.315350000000000364e+03
4.210000000000000000e+02 7.363550000000000182e+03
5.410000000000000000e+02 7.561850000000000364e+03
7.570000000000000000e+02 7.565699999999999818e+03
5.810000000000000000e+02 7.614900000000000546e+03
6.610000000000000000e+02 7.648100000000000364e+03
4.930000000000000000e+02 7.664100000000000364e+03
6.130000000000000000e+02 7.715550000000000182e+03
5.890000000000000000e+02 7.740100000000000364e+03
6.690000000000000000e+02 7.742449999999999818e+03
4.850000000000000000e+02 7.774600000000000364e+03
5.970000000000000000e+02 7.787100000000000364e+03
5.730000000000000000e+02 7.789550000000000182e+03
7.090000000000000000e+02 7.802750000000000000e+03
6.770000000000000000e+02 7.821750000000000000e+03
5.490000000000000000e+02 7.831750000000000000e+03
5.410000000000000000e+02 7.887800000000000182e+03
4.610000000000000000e+02 7.901100000000000364e+03
6.050000000000000000e+02 7.902050000000000182e+03
4.370000000000000000e+02 7.937949999999999818e+03
6.210000000000000000e+02 7.943350000000000364e+03
6.610000000000000000e+02 8.047150000000000546e+03
4.690000000000000000e+02 8.071900000000000546e+03
4.850000000000000000e+02 8.154300000000000182e+03
4.130000000000000000e+02 8.186949999999999818e+03
4.690000000000000000e+02 8.222750000000000000e+03
5.890000000000000000e+02 8.249750000000000000e+03
7.410000000000000000e+02 8.276200000000000728e+03
5.010000000000000000e+02 8.303200000000000728e+03
7.810000000000000000e+02 8.308649999999999636e+03
7.330000000000000000e+02 8.339000000000000000e+03
7.570000000000000000e+02 8.355799999999999272e+03
4.370000000000000000e+02 8.422850000000000364e+03
7.810000000000000000e+02 8.437799999999999272e+03
5.890000000000000000e+02 8.454750000000000000e+03
5.330000000000000000e+02 8.502399999999999636e+03
4.770000000000000000e+02 8.527899999999999636e+03
5.970000000000000000e+02 8.596799999999999272e+03
6.610000000000000000e+02 8.710049999999999272e+03
5.490000000000000000e+02 8.887399999999999636e+03
5.970000000000000000e+02 8.920250000000000000e+03
5.010000000000000000e+02 8.939250000000000000e+03
5.970000000000000000e+02 8.996450000000000728e+03
6.860000000000000000e+02 1.227500000000000000e+02
6.620000000000000000e+02 1.252999999999999972e+02
7.900000000000000000e+02 1.764500000000000171e+02
6.220000000000000000e+02 1.927000000000000171e+02
5.340000000000000000e+02 3.689000000000000341e+02
5.100000000000000000e+02 4.081999999999999886e+02
7.180000000000000000e+02 4.130000000000000000e+02
4.140000000000000000e+02 4.234000000000000341e+02
4.940000000000000000e+02 4.369000000000000341e+02
6.540000000000000000e+02 6.084500000000000455e+02
7.420000000000000000e+02 6.319500000000000455e+02
4.620000000000000000e+02 6.607000000000000455e+02
5.420000000000000000e+02 6.983999999999999773e+02
6.140000000000000000e+02 7.471000000000000227e+02
7.980000000000000000e+02 7.592500000000000000e+02
4.700000000000000000e+02 7.772500000000000000e+02
7.820000000000000000e+02 8.764500000000000455e+02
4.140000000000000000e+02 9.033000000000000682e+02
5.500000000000000000e+02 9.078000000000000682e+02
4.300000000000000000e+02 9.578500000000000227e+02
5.820000000000000000e+02 9.823000000000000682e+02
6.140000000000000000e+02 1.026400000000000091e+03
7.100000000000000000e+02 1.035000000000000000e+03
7.580000000000000000e+02 1.049250000000000000e+03
4.620000000000000000e+02 1.050700000000000045e+03
6.540000000000000000e+02 1.071799999999999955e+03
4.780000000000000000e+02 1.087799999999999955e+03
6.700000000000000000e+02 1.122600000000000136e+03
6.220000000000000000e+02 1.128650000000000091e+03
4.380000000000000000e+02 1.200400000000000091e+03
7.580000000000000000e+02 1.211299999999999955e+03
4.460000000000000000e+02 1.224549999999999955e+03
7.420000000000000000e+02 1.245049999999999955e+03
6.300000000000000000e+02 1.252000000000000000e+03
5.260000000000000000e+02 1.303650000000000091e+03
5.580000000000000000e+02 1.322350000000000136e+03
5.980000000000000000e+02 1.349950000000000045e+03
7.900000000000000000e+02 1.354000000000000000e+03
7.100000000000000000e+02 1.357850000000000136e+03
7.020000000000000000e+02 1.449150000000000091e+03
5.580000000000000000e+02 1.460350000000000136e+03
4.140000000000000000e+02 1.462850000000000136e+03
4.460000000000000000e+02 1.476200000000000045e+03
6.380000000000000000e+02 1.481000000000000000e+03
6.860000000000000000e+02 1.487000000000000000e+03
6.780000000000000000e+02 1.513850000000000136e+03
4.460000000000000000e+02 1.607250000000000000e+03
5.020000000000000000e+02 1.612950000000000045e+03
4.140000000000000000e+02 1.639549999999999955e+03
7.340000000000000000e+02 1.643450000000000045e+03
5.180000000000000000e+02 1.643799999999999955e+03
6.380000000000000000e+02 1.680600000000000136e+03
6.780000000000000000e+02 1.698900000000000091e+03
4.140000000000000000e+02 1.742250000000000000e+03
5.740000000000000000e+02 1.798100000000000136e+03
7.500000000000000000e+02 1.834750000000000000e+03
4.460000000000000000e+02 1.838150000000000091e+03
5.260000000000000000e+02 1.839600000000000136e+03
7.980000000000000000e+02 1.883549999999999955e+03
6.380000000000000000e+02 1.901600000000000136e+03
5.980000000000000000e+02 1.902100000000000136e+03
6.780000000000000000e+02 1.949549999999999955e+03
6.620000000000000000e+02 1.952100000000000136e+03
4.860000000000000000e+02 1.952200000000000045e+03
7.740000000000000000e+02 1.961850000000000136e+03
4.540000000000000000e+02 1.968500000000000000e+03
6.220000000000000000e+02 1.986000000000000000e+03
7.900000000000000000e+02 2.003549999999999955e+03
5.820000000000000000e+02 2.047900000000000091e+03
5.660000000000000000e+02 2.048800000000000182e+03
5.020000000000000000e+02 2.050400000000000091e+03
6.220000000000000000e+02 2.073699999999999818e+03
4.860000000000000000e+02 2.113500000000000000e+03
4.620000000000000000e+02 2.233800000000000182e+03
4.460000000000000000e+02 2.266450000000000273e+03
7.580000000000000000e+02 2.303650000000000091e+03
6.220000000000000000e+02 2.305950000000000273e+03
7.500000000000000000e+02 2.340700000000000273e+03
4.460000000000000000e+02 2.393550000000000182e+03
5.020000000000000000e+02 2.484550000000000182e+03
5.340000000000000000e+02 2.499650000000000091e+03
6.380000000000000000e+02 2.501349999999999909e+03
4.860000000000000000e+02 2.531450000000000273e+03
4.540000000000000000e+02 2.590300000000000182e+03
7.980000000000000000e+02 2.612500000000000000e+03
6.780000000000000000e+02 2.716050000000000182e+03
4.620000000000000000e+02 2.738099999999999909e+03
6.380000000000000000e+02 2.759300000000000182e+03
7.100000000000000000e+02 2.776050000000000182e+03
7.180000000000000000e+02 2.843800000000000182e+03
4.460000000000000000e+02 2.893650000000000091e+03
5.260000000000000000e+02 3.431500000000000000e+03
4.940000000000000000e+02 3.449450000000000273e+03
5.340000000000000000e+02 3.533000000000000000e+03
5.740000000000000000e+02 3.579900000000000091e+03
7.980000000000000000e+02 3.688300000000000182e+03
7.580000000000000000e+02 3.814400000000000091e+03
6.300000000000000000e+02 3.867900000000000091e+03
7.100000000000000000e+02 3.960500000000000000e+03
5.740000000000000000e+02 4.088400000000000091e+03
7.660000000000000000e+02 4.350350000000000364e+03
4.220000000000000000e+02 4.370150000000000546e+03
6.860000000000000000e+02 4.396350000000000364e+03
5.260000000000000000e+02 4.451350000000000364e+03
6.140000000000000000e+02 4.462350000000000364e+03
4.700000000000000000e+02 4.471050000000000182e+03
7.260000000000000000e+02 4.505449999999999818e+03
6.540000000000000000e+02 4.654550000000000182e+03
6.460000000000000000e+02 4.656050000000000182e+03
4.860000000000000000e+02 4.787650000000000546e+03
5.100000000000000000e+02 4.809150000000000546e+03
7.180000000000000000e+02 4.913150000000000546e+03
7.820000000000000000e+02 5.013500000000000000e+03
6.140000000000000000e+02 5.044850000000000364e+03
4.220000000000000000e+02 5.060500000000000000e+03
4.540000000000000000e+02 5.066400000000000546e+03
4.300000000000000000e+02 5.127050000000000182e+03
7.580000000000000000e+02 5.182150000000000546e+03
7.820000000000000000e+02 5.239199999999999818e+03
6.300000000000000000e+02 5.281949999999999818e+03
5.260000000000000000e+02 5.328650000000000546e+03
5.900000000000000000e+02 5.618199999999999818e+03
5.020000000000000000e+02 5.669000000000000000e+03
7.980000000000000000e+02 5.692600000000000364e+03
4.220000000000000000e+02 5.762800000000000182e+03
6.860000000000000000e+02 5.792300000000000182e+03
5.100000000000000000e+02 5.805500000000000000e+03
7.980000000000000000e+02 5.879650000000000546e+03
4.220000000000000000e+02 5.995699999999999818e+03
4.300000000000000000e+02 6.047150000000000546e+03
4.780000000000000000e+02 6.060050000000000182e+03
7.580000000000000000e+02 6.081449999999999818e+03
6.380000000000000000e+02 6.128600000000000364e+03
6.620000000000000000e+02 6.170449999999999818e+03
5.820000000000000000e+02 6.171000000000000000e+03
4.460000000000000000e+02 6.201449999999999818e+03
5.420000000000000000e+02 6.240150000000000546e+03
5.980000000000000000e+02 6.250050000000000182e+03
5.340000000000000000e+02 6.318300000000000182e+03
7.260000000000000000e+02 6.418100000000000364e+03
6.860000000000000000e+02 6.419199999999999818e+03
7.660000000000000000e+02 6.429850000000000364e+03
5.500000000000000000e+02 6.439800000000000182e+03
6.540000000000000000e+02 6.465900000000000546e+03
6.700000000000000000e+02 6.492500000000000000e+03
4.620000000000000000e+02 6.540250000000000000e+03
4.700000000000000000e+02 6.566449999999999818e+03
6.860000000000000000e+02 6.567850000000000364e+03
5.100000000000000000e+02 6.571500000000000000e+03
4.060000000000000000e+02 6.609199999999999818e+03
4.700000000000000000e+02 6.618350000000000364e+03
5.340000000000000000e+02 6.622699999999999818e+03
7.660000000000000000e+02 6.711300000000000182e+03
5.980000000000000000e+02 6.795150000000000546e+03
7.260000000000000000e+02 6.863699999999999818e+03
5.180000000000000000e+02 6.888750000000000000e+03
6.940000000000000000e+02 6.913400000000000546e+03
5.980000000000000000e+02 6.935050000000000182e+03
7.820000000000000000e+02 6.935199999999999818e+03
4.700000000000000000e+02 6.943400000000000546e+03
4.300000000000000000e+02 6.963600000000000364e+03
7.020000000000000000e+02 7.043300000000000182e+03
7.340000000000000000e+02 7.068150000000000546e+03
4.460000000000000000e+02 7.121600000000000364e+03
7.100000000000000000e+02 7.183500000000000000e+03
4.220000000000000000e+02 7.226500000000000000e+03
7.900000000000000000e+02 7.243300000000000182e+03
5.740000000000000000e+02 7.244550000000000182e+03
5.500000000000000000e+02 7.248850000000000364e+03
5.580000000000000000e+02 7.318400000000000546e+03
5.820000000000000000e+02 7.370050000000000182e+03
4.540000000000000000e+02 7.370949999999999818e+03
6.860000000000000000e+02 7.471550000000000182e+03
7.180000000000000000e+02 7.494350000000000364e+03
6.620000000000000000e+02 7.541699999999999818e+03
7.980000000000000000e+02 7.554449999999999818e+03
7.820000000000000000e+02 7.611750000000000000e+03
6.780000000000000000e+02 7.678750000000000000e+03
5.500000000000000000e+02 7.681600000000000364e+03
6.060000000000000000e+02 7.729250000000000000e+03
5.180000000000000000e+02 7.777850000000000364e+03
6.860000000000000000e+02 7.814550000000000182e+03
6.780000000000000000e+02 7.833949999999999818e+03
4.940000000000000000e+02 7.910900000000000546e+03
7.340000000000000000e+02 7.946150000000000546e+03
6.700000000000000000e+02 7.968800000000000182e+03
5.980000000000000000e+02 7.970250000000000000e+03
5.500000000000000000e+02 8.033850000000000364e+03
6.540000000000000000e+02 8.071350000000000364e+03
4.140000000000000000e+02 8.071699999999999818e+03
6.220000000000000000e+02 8.114150000000000546e+03
4.460000000000000000e+02 8.121650000000000546e+03
4.940000000000000000e+02 8.122250000000000000e+03
4.700000000000000000e+02 8.177199999999999818e+03
7.740000000000000000e+02 8.183150000000000546e+03
4.940000000000000000e+02 8.265100000000000364e+03
5.020000000000000000e+02 8.280450000000000728e+03
5.340000000000000000e+02 8.292850000000000364e+03
5.500000000000000000e+02 8.323700000000000728e+03
7.820000000000000000e+02 8.474299999999999272e+03
6.620000000000000000e+02 8.475399999999999636e+03
5.100000000000000000e+02 8.480350000000000364e+03
7.420000000000000000e+02 8.504500000000000000e+03
4.780000000000000000e+02 8.522950000000000728e+03
4.220000000000000000e+02 8.607149999999999636e+03
6.780000000000000000e+02 8.607950000000000728e+03
5.420000000000000000e+02 8.641700000000000728e+03
6.300000000000000000e+02 8.650149999999999636e+03
5.660000000000000000e+02 8.733399999999999636e+03
4.700000000000000000e+02 8.789149999999999636e+03
5.740000000000000000e+02 8.828200000000000728e+03
5.740000000000000000e+02 8.903500000000000000e+03
4.540000000000000000e+02 8.912450000000000728e+03
7.100000000000000000e+02 8.930500000000000000e+03
4.140000000000000000e+02 8.937399999999999636e+03
6.070000000000000000e+02 1.185499999999999972e+02
6.790000000000000000e+02 1.532000000000000171e+02
4.390000000000000000e+02 2.525500000000000114e+02
4.310000000000000000e+02 2.942500000000000000e+02
5.030000000000000000e+02 3.190000000000000000e+02
5.110000000000000000e+02 3.330000000000000000e+02
5.190000000000000000e+02 3.812500000000000000e+02
5.430000000000000000e+02 5.193500000000000227e+02
4.470000000000000000e+02 5.457000000000000455e+02
6.550000000000000000e+02 5.476000000000000227e+02
7.430000000000000000e+02 5.770000000000000000e+02
4.310000000000000000e+02 5.965000000000000000e+02
6.710000000000000000e+02 7.116000000000000227e+02
7.910000000000000000e+02 7.122500000000000000e+02
5.030000000000000000e+02 7.555500000000000682e+02
5.110000000000000000e+02 8.098500000000000227e+02
7.430000000000000000e+02 8.852500000000000000e+02
5.990000000000000000e+02 9.283000000000000682e+02
4.070000000000000000e+02 1.007899999999999977e+03
7.990000000000000000e+02 1.011000000000000000e+03
6.550000000000000000e+02 1.014950000000000045e+03
5.270000000000000000e+02 1.173549999999999955e+03
5.510000000000000000e+02 1.215450000000000045e+03
5.030000000000000000e+02 1.252450000000000045e+03
5.190000000000000000e+02 1.273700000000000045e+03
6.790000000000000000e+02 1.273900000000000091e+03
5.350000000000000000e+02 1.463049999999999955e+03
6.470000000000000000e+02 1.464600000000000136e+03
7.990000000000000000e+02 1.480450000000000045e+03
5.990000000000000000e+02 1.498700000000000045e+03
4.230000000000000000e+02 1.526350000000000136e+03
5.270000000000000000e+02 1.536600000000000136e+03
4.870000000000000000e+02 1.537450000000000045e+03
5.830000000000000000e+02 1.664500000000000000e+03
7.910000000000000000e+02 1.729700000000000045e+03
6.310000000000000000e+02 1.745799999999999955e+03
7.510000000000000000e+02 1.831650000000000091e+03
7.990000000000000000e+02 1.881150000000000091e+03
6.790000000000000000e+02 1.976200000000000045e+03
5.190000000000000000e+02 1.993000000000000000e+03
6.230000000000000000e+02 2.024400000000000091e+03
5.670000000000000000e+02 2.027750000000000000e+03
6.550000000000000000e+02 2.126400000000000091e+03
6.710000000000000000e+02 2.269500000000000000e+03
5.510000000000000000e+02 2.293650000000000091e+03
5.830000000000000000e+02 2.315200000000000273e+03
6.870000000000000000e+02 2.374750000000000000e+03
7.510000000000000000e+02 2.386500000000000000e+03
6.550000000000000000e+02 2.393550000000000182e+03
4.230000000000000000e+02 2.395650000000000091e+03
4.150000000000000000e+02 2.485000000000000000e+03
6.150000000000000000e+02 2.509400000000000091e+03
7.750000000000000000e+02 2.554550000000000182e+03
5.830000000000000000e+02 2.566250000000000000e+03
5.110000000000000000e+02 2.575750000000000000e+03
7.030000000000000000e+02 2.584349999999999909e+03
7.430000000000000000e+02 2.609300000000000182e+03
4.630000000000000000e+02 2.645800000000000182e+03
5.910000000000000000e+02 2.727349999999999909e+03
5.510000000000000000e+02 2.741050000000000182e+03
5.030000000000000000e+02 2.755099999999999909e+03
6.870000000000000000e+02 2.851450000000000273e+03
5.270000000000000000e+02 2.909300000000000182e+03
6.710000000000000000e+02 2.956000000000000000e+03
7.910000000000000000e+02 2.979500000000000000e+03
4.390000000000000000e+02 3.004550000000000182e+03
7.590000000000000000e+02 3.082900000000000091e+03
7.430000000000000000e+02 3.098950000000000273e+03
6.870000000000000000e+02 3.281050000000000182e+03
6.070000000000000000e+02 3.304800000000000182e+03
4.790000000000000000e+02 3.369750000000000000e+03
5.430000000000000000e+02 3.382050000000000182e+03
7.110000000000000000e+02 3.635599999999999909e+03
5.350000000000000000e+02 3.677650000000000091e+03
4.470000000000000000e+02 3.751150000000000091e+03
5.590000000000000000e+02 3.791950000000000273e+03
5.510000000000000000e+02 3.816400000000000091e+03
4.870000000000000000e+02 3.816500000000000000e+03
5.270000000000000000e+02 4.019900000000000091e+03
6.150000000000000000e+02 4.155199999999999818e+03
4.870000000000000000e+02 4.287300000000000182e+03
7.350000000000000000e+02 4.357300000000000182e+03
7.510000000000000000e+02 4.415699999999999818e+03
7.910000000000000000e+02 4.467600000000000364e+03
4.150000000000000000e+02 4.475600000000000364e+03
6.150000000000000000e+02 4.477850000000000364e+03
6.310000000000000000e+02 4.508750000000000000e+03
5.910000000000000000e+02 4.523050000000000182e+03
4.310000000000000000e+02 4.582350000000000364e+03
7.430000000000000000e+02 4.583699999999999818e+03
6.710000000000000000e+02 4.592000000000000000e+03
5.350000000000000000e+02 4.598949999999999818e+03
7.910000000000000000e+02 4.684900000000000546e+03
5.590000000000000000e+02 4.747250000000000000e+03
4.710000000000000000e+02 4.774100000000000364e+03
5.750000000000000000e+02 4.775400000000000546e+03
5.670000000000000000e+02 4.776550000000000182e+03
6.870000000000000000e+02 4.801750000000000000e+03
7.990000000000000000e+02 4.823250000000000000e+03
5.590000000000000000e+02 4.832699999999999818e+03
7.110000000000000000e+02 4.893250000000000000e+03
4.710000000000000000e+02 4.922300000000000182e+03
7.990000000000000000e+02 5.091850000000000364e+03
7.430000000000000000e+02 5.096850000000000364e+03
4.070000000000000000e+02 5.108800000000000182e+03
7.670000000000000000e+02 5.118150000000000546e+03
5.110000000000000000e+02 5.174250000000000000e+03
4.310000000000000000e+02 5.408550000000000182e+03
4.230000000000000000e+02 5.438850000000000364e+03
5.750000000000000000e+02 5.494699999999999818e+03
6.710000000000000000e+02 5.613250000000000000e+03
4.070000000000000000e+02 5.683900000000000546e+03
4.150000000000000000e+02 5.699300000000000182e+03
6.310000000000000000e+02 5.728850000000000364e+03
7.510000000000000000e+02 5.929050000000000182e+03
5.030000000000000000e+02 5.974199999999999818e+03
5.110000000000000000e+02 6.050550000000000182e+03
5.670000000000000000e+02 6.056300000000000182e+03
6.070000000000000000e+02 6.097199999999999818e+03
4.470000000000000000e+02 6.130000000000000000e+03
7.750000000000000000e+02 6.169900000000000546e+03
4.790000000000000000e+02 6.179949999999999818e+03
5.270000000000000000e+02 6.206650000000000546e+03
4.230000000000000000e+02 6.290850000000000364e+03
4.150000000000000000e+02 6.303600000000000364e+03
4.710000000000000000e+02 6.433949999999999818e+03
5.350000000000000000e+02 6.440050000000000182e+03
5.430000000000000000e+02 6.509150000000000546e+03
4.390000000000000000e+02 6.512449999999999818e+03
4.150000000000000000e+02 6.530199999999999818e+03
6.870000000000000000e+02 6.581900000000000546e+03
6.550000000000000000e+02 6.688750000000000000e+03
4.470000000000000000e+02 6.695449999999999818e+03
4.230000000000000000e+02 6.707350000000000364e+03
4.070000000000000000e+02 6.722800000000000182e+03
5.030000000000000000e+02 6.754850000000000364e+03
6.950000000000000000e+02 6.794500000000000000e+03
4.390000000000000000e+02 6.803699999999999818e+03
7.990000000000000000e+02 6.842699999999999818e+03
6.790000000000000000e+02 6.845900000000000546e+03
5.830000000000000000e+02 6.846050000000000182e+03
4.390000000000000000e+02 6.977500000000000000e+03
6.630000000000000000e+02 7.019900000000000546e+03
4.070000000000000000e+02 7.066250000000000000e+03
7.670000000000000000e+02 7.083850000000000364e+03
4.630000000000000000e+02 7.092000000000000000e+03
4.390000000000000000e+02 7.126650000000000546e+03
4.870000000000000000e+02 7.146800000000000182e+03
6.870000000000000000e+02 7.165900000000000546e+03
7.030000000000000000e+02 7.187500000000000000e+03
6.070000000000000000e+02 7.246150000000000546e+03
4.870000000000000000e+02 7.296949999999999818e+03
5.670000000000000000e+02 7.336800000000000182e+03
4.230000000000000000e+02 7.376150000000000546e+03
6.470000000000000000e+02 7.382750000000000000e+03
7.190000000000000000e+02 7.414150000000000546e+03
4.630000000000000000e+02 7.431449999999999818e+03
6.870000000000000000e+02 7.456850000000000364e+03
7.350000000000000000e+02 7.546600000000000364e+03
4.950000000000000000e+02 7.633650000000000546e+03
7.430000000000000000e+02 7.645699999999999818e+03
7.510000000000000000e+02 7.648600000000000364e+03
6.150000000000000000e+02 7.714900000000000546e+03
4.790000000000000000e+02 7.743900000000000546e+03
4.310000000000000000e+02 7.778449999999999818e+03
5.110000000000000000e+02 7.829199999999999818e+03
7.190000000000000000e+02 7.839100000000000364e+03
4.150000000000000000e+02 7.896500000000000000e+03
5.910000000000000000e+02 7.996500000000000000e+03
5.110000000000000000e+02 8.001300000000000182e+03
4.310000000000000000e+02 8.074850000000000364e+03
6.150000000000000000e+02 8.147000000000000000e+03
6.710000000000000000e+02 8.170699999999999818e+03
5.110000000000000000e+02 8.176850000000000364e+03
5.190000000000000000e+02 8.212600000000000364e+03
5.350000000000000000e+02 8.214100000000000364e+03
4.550000000000000000e+02 8.263450000000000728e+03
6.630000000000000000e+02 8.284100000000000364e+03
6.230000000000000000e+02 8.318850000000000364e+03
5.190000000000000000e+02 8.360049999999999272e+03
6.070000000000000000e+02 8.372049999999999272e+03
7.270000000000000000e+02 8.373149999999999636e+03
5.030000000000000000e+02 8.394299999999999272e+03
5.590000000000000000e+02 8.395549999999999272e+03
7.990000000000000000e+02 8.411799999999999272e+03
5.750000000000000000e+02 8.412450000000000728e+03
4.630000000000000000e+02 8.463149999999999636e+03
5.430000000000000000e+02 8.531350000000000364e+03
4.150000000000000000e+02 8.542000000000000000e+03
4.710000000000000000e+02 8.619850000000000364e+03
6.550000000000000000e+02 8.681000000000000000e+03
4.550000000000000000e+02 8.728899999999999636e+03
5.830000000000000000e+02 8.734600000000000364e+03
7.590000000000000000e+02 8.741399999999999636e+03
4.470000000000000000e+02 8.764250000000000000e+03
5.190000000000000000e+02 8.773450000000000728e+03
6.630000000000000000e+02 8.809850000000000364e+03
7.030000000000000000e+02 8.859250000000000000e+03
7.670000000000000000e+02 8.863250000000000000e+03
4.790000000000000000e+02 8.958350000000000364e+03
6.070000000000000000e+02 8.984350000000000364e+03
