1.600000000000000000e+02 3.041000000000000227e+02
1.360000000000000000e+02 4.153000000000000114e+02
1.520000000000000000e+02 7.221499999999999773e+02
1.120000000000000000e+02 7.490500000000000682e+02
1.360000000000000000e+02 1.002250000000000000e+03
1.600000000000000000e+02 1.356100000000000136e+03
1.440000000000000000e+02 1.447400000000000091e+03
1.200000000000000000e+02 1.662400000000000091e+03
8.800000000000000000e+01 1.665799999999999955e+03
1.600000000000000000e+02 1.802049999999999955e+03
8.800000000000000000e+01 2.911450000000000273e+03
1.360000000000000000e+02 3.267599999999999909e+03
8.800000000000000000e+01 3.294700000000000273e+03
9.600000000000000000e+01 3.648400000000000091e+03
1.040000000000000000e+02 3.947200000000000273e+03
1.200000000000000000e+02 4.116750000000000000e+03
1.360000000000000000e+02 4.481500000000000000e+03
1.200000000000000000e+02 5.026449999999999818e+03
1.360000000000000000e+02 5.064199999999999818e+03
1.520000000000000000e+02 5.072250000000000000e+03
1.200000000000000000e+02 5.188850000000000364e+03
1.040000000000000000e+02 5.599100000000000364e+03
9.600000000000000000e+01 6.100750000000000000e+03
1.040000000000000000e+02 6.175900000000000546e+03
1.440000000000000000e+02 6.209949999999999818e+03
1.040000000000000000e+02 6.291800000000000182e+03
1.280000000000000000e+02 6.386000000000000000e+03
1.520000000000000000e+02 6.387400000000000546e+03
1.120000000000000000e+02 6.420150000000000546e+03
8.800000000000000000e+01 6.479750000000000000e+03
1.520000000000000000e+02 6.561300000000000182e+03
9.600000000000000000e+01 6.659800000000000182e+03
9.600000000000000000e+01 7.147100000000000364e+03
1.200000000000000000e+02 7.634400000000000546e+03
9.600000000000000000e+01 7.884000000000000000e+03
1.200000000000000000e+02 7.928550000000000182e+03
1.120000000000000000e+02 8.063300000000000182e+03
1.520000000000000000e+02 8.513899999999999636e+03
1.360000000000000000e+02 8.669899999999999636e+03
1.040000000000000000e+02 8.823300000000001091e+03
1.610000000000000000e+02 1.351500000000000057e+02
8.900000000000000000e+01 4.308000000000000114e+02
1.610000000000000000e+02 5.163500000000000227e+02
1.530000000000000000e+02 6.370500000000000682e+02
1.370000000000000000e+02 7.148999999999999773e+02
1.050000000000000000e+02 9.718999999999999773e+02
1.130000000000000000e+02 1.007550000000000068e+03
1.370000000000000000e+02 1.088500000000000000e+03
1.210000000000000000e+02 1.180750000000000000e+03
1.610000000000000000e+02 1.376150000000000091e+03
1.210000000000000000e+02 1.436150000000000091e+03
1.450000000000000000e+02 1.806049999999999955e+03
1.530000000000000000e+02 2.034900000000000091e+03
8.900000000000000000e+01 2.442849999999999909e+03
1.610000000000000000e+02 2.811950000000000273e+03
8.900000000000000000e+01 2.954849999999999909e+03
8.900000000000000000e+01 3.482200000000000273e+03
1.370000000000000000e+02 3.801700000000000273e+03
1.050000000000000000e+02 4.104850000000000364e+03
8.900000000000000000e+01 4.547400000000000546e+03
9.700000000000000000e+01 4.608400000000000546e+03
1.370000000000000000e+02 4.793300000000000182e+03
1.530000000000000000e+02 4.909699999999999818e+03
1.050000000000000000e+02 5.290650000000000546e+03
1.530000000000000000e+02 5.740850000000000364e+03
1.130000000000000000e+02 6.140550000000000182e+03
1.370000000000000000e+02 6.547650000000000546e+03
1.130000000000000000e+02 6.649550000000000182e+03
1.290000000000000000e+02 6.675949999999999818e+03
1.610000000000000000e+02 6.925550000000000182e+03
1.530000000000000000e+02 7.087699999999999818e+03
1.290000000000000000e+02 7.339000000000000000e+03
1.290000000000000000e+02 7.457350000000000364e+03
8.900000000000000000e+01 7.571100000000000364e+03
1.450000000000000000e+02 7.773449999999999818e+03
1.130000000000000000e+02 7.791800000000000182e+03
8.900000000000000000e+01 8.729149999999999636e+03
1.050000000000000000e+02 8.859000000000000000e+03
1.540000000000000000e+02 1.030499999999999972e+02
1.220000000000000000e+02 2.901000000000000227e+02
1.300000000000000000e+02 9.192500000000000000e+02
9.800000000000000000e+01 1.264950000000000045e+03
9.800000000000000000e+01 1.320600000000000136e+03
8.200000000000000000e+01 1.335350000000000136e+03
9.000000000000000000e+01 1.421650000000000091e+03
1.300000000000000000e+02 1.441150000000000091e+03
1.140000000000000000e+02 1.443450000000000045e+03
1.460000000000000000e+02 1.918700000000000045e+03
9.800000000000000000e+01 2.029950000000000045e+03
9.800000000000000000e+01 2.238650000000000091e+03
1.460000000000000000e+02 2.263849999999999909e+03
1.300000000000000000e+02 2.445950000000000273e+03
1.300000000000000000e+02 2.518599999999999909e+03
1.220000000000000000e+02 2.648150000000000091e+03
1.380000000000000000e+02 2.701099999999999909e+03
9.000000000000000000e+01 2.727550000000000182e+03
9.000000000000000000e+01 2.802300000000000182e+03
1.220000000000000000e+02 3.144349999999999909e+03
1.540000000000000000e+02 3.303950000000000273e+03
1.540000000000000000e+02 3.487900000000000091e+03
1.300000000000000000e+02 3.536200000000000273e+03
1.300000000000000000e+02 4.503400000000000546e+03
1.540000000000000000e+02 4.736449999999999818e+03
1.140000000000000000e+02 4.928800000000000182e+03
1.140000000000000000e+02 5.238150000000000546e+03
1.300000000000000000e+02 5.479500000000000000e+03
1.380000000000000000e+02 6.034550000000000182e+03
9.800000000000000000e+01 6.169400000000000546e+03
1.300000000000000000e+02 6.345150000000000546e+03
9.000000000000000000e+01 6.490699999999999818e+03
1.540000000000000000e+02 6.514050000000000182e+03
1.460000000000000000e+02 7.507600000000000364e+03
1.460000000000000000e+02 7.867350000000000364e+03
1.220000000000000000e+02 7.930600000000000364e+03
1.140000000000000000e+02 8.000949999999999818e+03
1.060000000000000000e+02 8.047449999999999818e+03
1.140000000000000000e+02 8.115400000000000546e+03
1.300000000000000000e+02 8.807100000000000364e+03
1.060000000000000000e+02 8.869950000000000728e+03
8.300000000000000000e+01 3.372500000000000000e+02
1.390000000000000000e+02 3.908000000000000114e+02
9.100000000000000000e+01 4.305000000000000000e+02
1.550000000000000000e+02 5.768999999999999773e+02
1.550000000000000000e+02 9.952500000000000000e+02
1.550000000000000000e+02 1.094450000000000045e+03
1.390000000000000000e+02 1.563250000000000000e+03
1.230000000000000000e+02 1.617549999999999955e+03
1.470000000000000000e+02 1.738400000000000091e+03
1.390000000000000000e+02 2.412950000000000273e+03
8.300000000000000000e+01 2.855650000000000091e+03
9.100000000000000000e+01 3.468900000000000091e+03
1.310000000000000000e+02 4.131350000000000364e+03
9.900000000000000000e+01 4.663500000000000000e+03
8.300000000000000000e+01 4.720850000000000364e+03
9.100000000000000000e+01 4.773400000000000546e+03
1.070000000000000000e+02 5.096449999999999818e+03
9.100000000000000000e+01 5.207600000000000364e+03
1.070000000000000000e+02 5.407350000000000364e+03
1.150000000000000000e+02 5.553400000000000546e+03
1.070000000000000000e+02 6.167150000000000546e+03
1.230000000000000000e+02 6.179100000000000364e+03
8.300000000000000000e+01 6.251699999999999818e+03
9.100000000000000000e+01 6.286400000000000546e+03
1.150000000000000000e+02 6.333900000000000546e+03
1.550000000000000000e+02 6.417449999999999818e+03
9.900000000000000000e+01 6.661100000000000364e+03
1.230000000000000000e+02 6.922400000000000546e+03
1.230000000000000000e+02 7.260800000000000182e+03
8.300000000000000000e+01 7.501100000000000364e+03
9.900000000000000000e+01 7.638949999999999818e+03
9.900000000000000000e+01 7.992699999999999818e+03
1.310000000000000000e+02 8.048500000000000000e+03
8.300000000000000000e+01 8.249350000000000364e+03
1.150000000000000000e+02 8.282100000000000364e+03
1.550000000000000000e+02 8.393750000000000000e+03
1.150000000000000000e+02 8.491299999999999272e+03
1.150000000000000000e+02 8.569899999999999636e+03
9.900000000000000000e+01 8.596200000000000728e+03
1.310000000000000000e+02 8.708600000000000364e+03
1.550000000000000000e+02 8.951300000000001091e+03
1.470000000000000000e+02 8.989850000000000364e+03
9.200000000000000000e+01 1.683499999999999943e+02
8.400000000000000000e+01 2.165000000000000000e+02
1.400000000000000000e+02 2.791500000000000341e+02
1.320000000000000000e+02 3.885500000000000114e+02
1.240000000000000000e+02 4.546000000000000227e+02
9.200000000000000000e+01 7.896499999999999773e+02
1.560000000000000000e+02 8.022000000000000455e+02
9.200000000000000000e+01 8.773500000000000227e+02
1.400000000000000000e+02 9.147000000000000455e+02
1.240000000000000000e+02 1.478650000000000091e+03
1.480000000000000000e+02 1.974650000000000091e+03
1.400000000000000000e+02 2.141199999999999818e+03
1.240000000000000000e+02 2.142699999999999818e+03
1.000000000000000000e+02 2.482050000000000182e+03
1.400000000000000000e+02 2.633750000000000000e+03
1.480000000000000000e+02 2.743800000000000182e+03
1.320000000000000000e+02 2.893200000000000273e+03
1.400000000000000000e+02 2.945599999999999909e+03
1.080000000000000000e+02 3.017849999999999909e+03
1.000000000000000000e+02 3.091599999999999909e+03
9.200000000000000000e+01 3.129750000000000000e+03
8.400000000000000000e+01 3.505300000000000182e+03
1.000000000000000000e+02 4.173699999999999818e+03
1.560000000000000000e+02 4.760900000000000546e+03
1.400000000000000000e+02 5.411100000000000364e+03
8.400000000000000000e+01 5.678750000000000000e+03
1.160000000000000000e+02 6.039449999999999818e+03
1.160000000000000000e+02 6.124100000000000364e+03
1.000000000000000000e+02 6.152250000000000000e+03
1.400000000000000000e+02 6.237699999999999818e+03
1.000000000000000000e+02 6.401949999999999818e+03
1.160000000000000000e+02 6.464100000000000364e+03
1.240000000000000000e+02 6.650600000000000364e+03
1.240000000000000000e+02 6.738400000000000546e+03
1.000000000000000000e+02 7.068150000000000546e+03
1.240000000000000000e+02 7.306100000000000364e+03
1.000000000000000000e+02 8.025350000000000364e+03
1.160000000000000000e+02 8.225899999999999636e+03
1.000000000000000000e+02 8.240950000000000728e+03
1.080000000000000000e+02 8.320799999999999272e+03
1.560000000000000000e+02 8.386299999999999272e+03
1.000000000000000000e+02 8.685450000000000728e+03
1.000000000000000000e+02 8.921899999999999636e+03
1.490000000000000000e+02 1.139500000000000028e+02
1.410000000000000000e+02 1.898499999999999943e+02
1.490000000000000000e+02 7.126499999999999773e+02
1.250000000000000000e+02 1.699600000000000136e+03
1.330000000000000000e+02 1.996250000000000000e+03
1.570000000000000000e+02 2.025850000000000136e+03
8.500000000000000000e+01 2.221750000000000000e+03
1.330000000000000000e+02 2.462550000000000182e+03
1.250000000000000000e+02 2.924550000000000182e+03
9.300000000000000000e+01 2.973450000000000273e+03
8.500000000000000000e+01 3.415900000000000091e+03
1.250000000000000000e+02 3.640200000000000273e+03
1.410000000000000000e+02 3.672500000000000000e+03
1.010000000000000000e+02 4.081700000000000273e+03
9.300000000000000000e+01 4.340750000000000000e+03
8.500000000000000000e+01 4.706500000000000000e+03
1.250000000000000000e+02 4.831250000000000000e+03
1.170000000000000000e+02 5.954400000000000546e+03
1.010000000000000000e+02 6.153150000000000546e+03
1.250000000000000000e+02 6.311949999999999818e+03
1.330000000000000000e+02 6.395000000000000000e+03
1.570000000000000000e+02 6.829449999999999818e+03
1.090000000000000000e+02 6.888000000000000000e+03
1.250000000000000000e+02 7.140199999999999818e+03
1.170000000000000000e+02 7.306900000000000546e+03
8.500000000000000000e+01 7.499650000000000546e+03
1.490000000000000000e+02 7.774150000000000546e+03
1.250000000000000000e+02 7.960250000000000000e+03
1.250000000000000000e+02 8.017550000000000182e+03
8.500000000000000000e+01 8.404049999999999272e+03
1.490000000000000000e+02 8.415399999999999636e+03
1.010000000000000000e+02 8.579399999999999636e+03
1.570000000000000000e+02 8.635549999999999272e+03
1.330000000000000000e+02 8.710600000000000364e+03
1.570000000000000000e+02 8.972649999999999636e+03
1.500000000000000000e+02 1.127999999999999972e+02
8.600000000000000000e+01 1.547000000000000171e+02
1.180000000000000000e+02 1.624000000000000057e+02
1.580000000000000000e+02 2.755500000000000114e+02
1.340000000000000000e+02 5.327999999999999545e+02
1.500000000000000000e+02 6.892500000000000000e+02
1.100000000000000000e+02 7.653999999999999773e+02
9.400000000000000000e+01 1.755950000000000045e+03
1.180000000000000000e+02 1.798650000000000091e+03
1.260000000000000000e+02 2.064300000000000182e+03
1.340000000000000000e+02 2.406500000000000000e+03
1.340000000000000000e+02 2.642000000000000000e+03
1.180000000000000000e+02 2.809900000000000091e+03
1.100000000000000000e+02 2.863000000000000000e+03
1.180000000000000000e+02 4.024200000000000273e+03
1.420000000000000000e+02 4.107300000000000182e+03
9.400000000000000000e+01 4.155050000000000182e+03
1.420000000000000000e+02 4.431600000000000364e+03
1.020000000000000000e+02 4.507000000000000000e+03
1.260000000000000000e+02 4.659000000000000000e+03
1.580000000000000000e+02 4.875850000000000364e+03
1.420000000000000000e+02 5.067699999999999818e+03
1.100000000000000000e+02 5.426300000000000182e+03
1.580000000000000000e+02 5.987600000000000364e+03
1.180000000000000000e+02 6.147949999999999818e+03
1.340000000000000000e+02 6.216850000000000364e+03
1.260000000000000000e+02 6.269250000000000000e+03
1.500000000000000000e+02 6.384750000000000000e+03
9.400000000000000000e+01 6.607150000000000546e+03
1.580000000000000000e+02 6.633000000000000000e+03
1.180000000000000000e+02 6.800050000000000182e+03
1.020000000000000000e+02 7.075250000000000000e+03
1.420000000000000000e+02 7.563550000000000182e+03
9.400000000000000000e+01 7.946850000000000364e+03
1.340000000000000000e+02 8.340549999999999272e+03
8.600000000000000000e+01 8.679899999999999636e+03
1.180000000000000000e+02 8.969649999999999636e+03
1.270000000000000000e+02 2.638000000000000114e+02
1.110000000000000000e+02 4.485000000000000000e+02
9.500000000000000000e+01 1.490100000000000136e+03
1.350000000000000000e+02 1.877000000000000000e+03
1.270000000000000000e+02 1.996000000000000000e+03
1.590000000000000000e+02 2.447250000000000000e+03
9.500000000000000000e+01 2.604550000000000182e+03
8.700000000000000000e+01 2.768099999999999909e+03
9.500000000000000000e+01 2.928900000000000091e+03
1.190000000000000000e+02 2.940650000000000091e+03
1.030000000000000000e+02 3.704849999999999909e+03
8.700000000000000000e+01 3.900450000000000273e+03
1.110000000000000000e+02 4.073500000000000000e+03
1.430000000000000000e+02 4.077800000000000182e+03
1.190000000000000000e+02 4.394550000000000182e+03
1.110000000000000000e+02 4.650550000000000182e+03
8.700000000000000000e+01 4.808500000000000000e+03
1.030000000000000000e+02 4.871449999999999818e+03
8.700000000000000000e+01 5.731000000000000000e+03
1.190000000000000000e+02 5.734750000000000000e+03
1.270000000000000000e+02 5.991100000000000364e+03
1.430000000000000000e+02 6.086600000000000364e+03
9.500000000000000000e+01 6.141800000000000182e+03
1.350000000000000000e+02 6.168300000000000182e+03
1.590000000000000000e+02 6.172350000000000364e+03
1.430000000000000000e+02 6.763400000000000546e+03
1.510000000000000000e+02 6.772199999999999818e+03
1.190000000000000000e+02 7.085550000000000182e+03
1.430000000000000000e+02 7.155500000000000000e+03
1.270000000000000000e+02 7.221850000000000364e+03
1.430000000000000000e+02 8.064050000000000182e+03
1.510000000000000000e+02 8.158900000000000546e+03
1.350000000000000000e+02 8.245600000000000364e+03
9.500000000000000000e+01 8.393850000000000364e+03
1.510000000000000000e+02 8.759800000000001091e+03
1.350000000000000000e+02 8.849500000000000000e+03
