2.560000000000000000e+02 1.895500000000000114e+02
2.480000000000000000e+02 7.001000000000000227e+02
3.040000000000000000e+02 8.733500000000000227e+02
2.480000000000000000e+02 9.126499999999999773e+02
2.720000000000000000e+02 9.696499999999999773e+02
2.480000000000000000e+02 1.136900000000000091e+03
3.040000000000000000e+02 1.436000000000000000e+03
3.040000000000000000e+02 1.505700000000000045e+03
3.040000000000000000e+02 1.613350000000000136e+03
3.040000000000000000e+02 1.723150000000000091e+03
2.560000000000000000e+02 1.783400000000000091e+03
3.200000000000000000e+02 1.850750000000000000e+03
2.640000000000000000e+02 1.950200000000000045e+03
3.040000000000000000e+02 1.975650000000000091e+03
3.200000000000000000e+02 2.023000000000000000e+03
3.200000000000000000e+02 2.127699999999999818e+03
3.120000000000000000e+02 2.263500000000000000e+03
3.040000000000000000e+02 2.285150000000000091e+03
2.560000000000000000e+02 2.348150000000000091e+03
2.880000000000000000e+02 2.416849999999999909e+03
2.800000000000000000e+02 3.169050000000000182e+03
2.640000000000000000e+02 4.838400000000000546e+03
2.560000000000000000e+02 6.070949999999999818e+03
2.720000000000000000e+02 6.297600000000000364e+03
2.720000000000000000e+02 6.692050000000000182e+03
2.880000000000000000e+02 6.739650000000000546e+03
3.040000000000000000e+02 6.852800000000000182e+03
2.880000000000000000e+02 7.200250000000000000e+03
2.880000000000000000e+02 7.371300000000000182e+03
2.480000000000000000e+02 7.494699999999999818e+03
3.040000000000000000e+02 7.688800000000000182e+03
3.200000000000000000e+02 7.969000000000000000e+03
2.560000000000000000e+02 8.035050000000000182e+03
2.880000000000000000e+02 8.227350000000000364e+03
2.560000000000000000e+02 8.328500000000000000e+03
3.120000000000000000e+02 8.403700000000000728e+03
2.800000000000000000e+02 8.618399999999999636e+03
3.120000000000000000e+02 8.728799999999999272e+03
2.720000000000000000e+02 9.044899999999999636e+03
3.200000000000000000e+02 9.178350000000000364e+03
3.200000000000000000e+02 9.382000000000000000e+03
3.200000000000000000e+02 9.531750000000000000e+03
2.960000000000000000e+02 9.734300000000001091e+03
3.200000000000000000e+02 1.029610000000000036e+04
2.880000000000000000e+02 1.089160000000000036e+04
3.040000000000000000e+02 1.095380000000000109e+04
2.480000000000000000e+02 1.103305000000000109e+04
2.720000000000000000e+02 1.103639999999999964e+04
2.720000000000000000e+02 1.172655000000000109e+04
3.120000000000000000e+02 1.183120000000000073e+04
2.960000000000000000e+02 1.202180000000000109e+04
2.880000000000000000e+02 1.217445000000000073e+04
3.200000000000000000e+02 1.220764999999999964e+04
2.480000000000000000e+02 1.222314999999999964e+04
2.480000000000000000e+02 1.228789999999999964e+04
2.960000000000000000e+02 1.240135000000000036e+04
2.560000000000000000e+02 1.242339999999999964e+04
2.800000000000000000e+02 1.265405000000000109e+04
3.200000000000000000e+02 1.267639999999999964e+04
2.720000000000000000e+02 1.269620000000000073e+04
2.720000000000000000e+02 1.300385000000000036e+04
3.200000000000000000e+02 1.310760000000000036e+04
2.640000000000000000e+02 1.312014999999999964e+04
3.120000000000000000e+02 1.327350000000000000e+04
3.200000000000000000e+02 1.330635000000000036e+04
3.040000000000000000e+02 1.345260000000000036e+04
2.720000000000000000e+02 1.383405000000000109e+04
2.880000000000000000e+02 1.384755000000000109e+04
2.960000000000000000e+02 1.443480000000000109e+04
3.200000000000000000e+02 1.455825000000000000e+04
2.720000000000000000e+02 1.455900000000000000e+04
2.560000000000000000e+02 1.462395000000000073e+04
2.960000000000000000e+02 1.476595000000000073e+04
2.800000000000000000e+02 1.499264999999999964e+04
2.800000000000000000e+02 1.522335000000000036e+04
2.800000000000000000e+02 1.560755000000000109e+04
3.200000000000000000e+02 1.604335000000000036e+04
2.560000000000000000e+02 1.619630000000000109e+04
3.120000000000000000e+02 1.652854999999999927e+04
2.640000000000000000e+02 1.657479999999999927e+04
2.720000000000000000e+02 1.662345000000000073e+04
3.200000000000000000e+02 1.692550000000000000e+04
3.120000000000000000e+02 1.757275000000000000e+04
2.490000000000000000e+02 1.194500000000000028e+02
2.890000000000000000e+02 2.449500000000000171e+02
2.890000000000000000e+02 3.047500000000000000e+02
2.890000000000000000e+02 5.553999999999999773e+02
2.970000000000000000e+02 7.058999999999999773e+02
3.210000000000000000e+02 8.107000000000000455e+02
2.890000000000000000e+02 8.588500000000000227e+02
2.570000000000000000e+02 8.801000000000000227e+02
2.970000000000000000e+02 8.843000000000000682e+02
2.650000000000000000e+02 9.482000000000000455e+02
2.970000000000000000e+02 1.002399999999999977e+03
3.130000000000000000e+02 1.035500000000000000e+03
2.730000000000000000e+02 1.110850000000000136e+03
2.570000000000000000e+02 1.156850000000000136e+03
2.490000000000000000e+02 1.377750000000000000e+03
3.130000000000000000e+02 1.528200000000000045e+03
2.650000000000000000e+02 1.617150000000000091e+03
2.570000000000000000e+02 1.617850000000000136e+03
3.130000000000000000e+02 1.625500000000000000e+03
2.650000000000000000e+02 1.803950000000000045e+03
2.970000000000000000e+02 1.836549999999999955e+03
2.890000000000000000e+02 1.944700000000000045e+03
2.890000000000000000e+02 2.049250000000000000e+03
2.650000000000000000e+02 2.240099999999999909e+03
3.130000000000000000e+02 2.418900000000000091e+03
2.970000000000000000e+02 2.422450000000000273e+03
2.570000000000000000e+02 2.529250000000000000e+03
3.130000000000000000e+02 2.825700000000000273e+03
2.890000000000000000e+02 2.911349999999999909e+03
2.890000000000000000e+02 3.335800000000000182e+03
2.890000000000000000e+02 3.441950000000000273e+03
2.890000000000000000e+02 5.064800000000000182e+03
2.890000000000000000e+02 5.302500000000000000e+03
2.490000000000000000e+02 6.054150000000000546e+03
2.490000000000000000e+02 6.215500000000000000e+03
2.810000000000000000e+02 6.514000000000000000e+03
3.130000000000000000e+02 6.652949999999999818e+03
2.810000000000000000e+02 7.003550000000000182e+03
3.210000000000000000e+02 7.178000000000000000e+03
2.650000000000000000e+02 7.369250000000000000e+03
2.970000000000000000e+02 7.512699999999999818e+03
2.650000000000000000e+02 7.684250000000000000e+03
3.050000000000000000e+02 7.702050000000000182e+03
3.210000000000000000e+02 7.975449999999999818e+03
3.130000000000000000e+02 8.325350000000000364e+03
2.490000000000000000e+02 8.596899999999999636e+03
3.050000000000000000e+02 8.845050000000001091e+03
2.650000000000000000e+02 8.847950000000000728e+03
2.970000000000000000e+02 8.938600000000000364e+03
2.810000000000000000e+02 9.015750000000000000e+03
2.730000000000000000e+02 9.177050000000001091e+03
3.210000000000000000e+02 9.216450000000000728e+03
2.890000000000000000e+02 9.225500000000000000e+03
2.490000000000000000e+02 9.527649999999999636e+03
2.890000000000000000e+02 9.541399999999999636e+03
2.730000000000000000e+02 9.992399999999999636e+03
2.890000000000000000e+02 1.005089999999999964e+04
2.650000000000000000e+02 1.044755000000000109e+04
2.570000000000000000e+02 1.048200000000000000e+04
3.050000000000000000e+02 1.053685000000000036e+04
3.210000000000000000e+02 1.061800000000000000e+04
2.490000000000000000e+02 1.083830000000000109e+04
2.970000000000000000e+02 1.109275000000000000e+04
3.210000000000000000e+02 1.111580000000000109e+04
2.730000000000000000e+02 1.121105000000000109e+04
3.210000000000000000e+02 1.138445000000000073e+04
2.730000000000000000e+02 1.142700000000000000e+04
2.890000000000000000e+02 1.160010000000000036e+04
2.650000000000000000e+02 1.162439999999999964e+04
3.050000000000000000e+02 1.176060000000000036e+04
2.570000000000000000e+02 1.184125000000000000e+04
2.650000000000000000e+02 1.192920000000000073e+04
3.050000000000000000e+02 1.195645000000000073e+04
3.210000000000000000e+02 1.199625000000000000e+04
2.490000000000000000e+02 1.222314999999999964e+04
2.650000000000000000e+02 1.232850000000000000e+04
2.970000000000000000e+02 1.254205000000000109e+04
3.050000000000000000e+02 1.265380000000000109e+04
2.570000000000000000e+02 1.269575000000000000e+04
3.130000000000000000e+02 1.298420000000000073e+04
2.730000000000000000e+02 1.351020000000000073e+04
3.130000000000000000e+02 1.352560000000000036e+04
3.130000000000000000e+02 1.396720000000000073e+04
2.810000000000000000e+02 1.411875000000000000e+04
2.970000000000000000e+02 1.458489999999999964e+04
2.810000000000000000e+02 1.499205000000000109e+04
2.570000000000000000e+02 1.515020000000000073e+04
2.970000000000000000e+02 1.523025000000000000e+04
2.490000000000000000e+02 1.529405000000000109e+04
2.890000000000000000e+02 1.576370000000000073e+04
2.490000000000000000e+02 1.626264999999999964e+04
3.210000000000000000e+02 1.629860000000000036e+04
2.970000000000000000e+02 1.632895000000000073e+04
2.650000000000000000e+02 1.643034999999999854e+04
2.490000000000000000e+02 1.662995000000000073e+04
2.730000000000000000e+02 1.676340000000000146e+04
2.490000000000000000e+02 1.688520000000000073e+04
2.570000000000000000e+02 1.707045000000000073e+04
2.650000000000000000e+02 1.715190000000000146e+04
2.810000000000000000e+02 1.715229999999999927e+04
2.730000000000000000e+02 1.716070000000000073e+04
3.130000000000000000e+02 1.723515000000000146e+04
2.890000000000000000e+02 1.724359999999999854e+04
2.810000000000000000e+02 1.757690000000000146e+04
2.650000000000000000e+02 1.774440000000000146e+04
2.970000000000000000e+02 1.798804999999999927e+04
2.820000000000000000e+02 2.151500000000000057e+02
2.900000000000000000e+02 2.231500000000000057e+02
2.580000000000000000e+02 2.380500000000000114e+02
2.820000000000000000e+02 4.218000000000000114e+02
2.660000000000000000e+02 4.413500000000000227e+02
2.980000000000000000e+02 5.188999999999999773e+02
2.500000000000000000e+02 6.077000000000000455e+02
3.060000000000000000e+02 7.058000000000000682e+02
2.500000000000000000e+02 7.195000000000000000e+02
3.060000000000000000e+02 9.478000000000000682e+02
3.060000000000000000e+02 1.053599999999999909e+03
2.740000000000000000e+02 1.085200000000000045e+03
2.740000000000000000e+02 1.326250000000000000e+03
3.060000000000000000e+02 1.434799999999999955e+03
2.740000000000000000e+02 1.603700000000000045e+03
3.060000000000000000e+02 1.767950000000000045e+03
3.140000000000000000e+02 1.867950000000000045e+03
2.580000000000000000e+02 2.126949999999999818e+03
2.900000000000000000e+02 2.174449999999999818e+03
2.820000000000000000e+02 2.262099999999999909e+03
2.900000000000000000e+02 2.427950000000000273e+03
3.140000000000000000e+02 2.634450000000000273e+03
2.500000000000000000e+02 4.176300000000000182e+03
2.900000000000000000e+02 4.631500000000000000e+03
3.140000000000000000e+02 6.088000000000000000e+03
3.060000000000000000e+02 6.118699999999999818e+03
3.140000000000000000e+02 6.262699999999999818e+03
2.580000000000000000e+02 6.314250000000000000e+03
2.740000000000000000e+02 6.343650000000000546e+03
2.660000000000000000e+02 6.375100000000000364e+03
2.420000000000000000e+02 6.739600000000000364e+03
3.140000000000000000e+02 6.838650000000000546e+03
3.060000000000000000e+02 6.855550000000000182e+03
2.820000000000000000e+02 6.956600000000000364e+03
2.420000000000000000e+02 6.987699999999999818e+03
3.060000000000000000e+02 7.232850000000000364e+03
2.580000000000000000e+02 7.375500000000000000e+03
2.740000000000000000e+02 7.485250000000000000e+03
2.660000000000000000e+02 7.519650000000000546e+03
2.740000000000000000e+02 7.591550000000000182e+03
2.420000000000000000e+02 7.692949999999999818e+03
2.900000000000000000e+02 7.961600000000000364e+03
2.900000000000000000e+02 8.253600000000000364e+03
2.500000000000000000e+02 8.294700000000000728e+03
2.660000000000000000e+02 8.332350000000000364e+03
2.740000000000000000e+02 8.453350000000000364e+03
3.060000000000000000e+02 8.502450000000000728e+03
2.500000000000000000e+02 8.517700000000000728e+03
2.500000000000000000e+02 8.687200000000000728e+03
3.060000000000000000e+02 8.698850000000000364e+03
2.740000000000000000e+02 8.929500000000000000e+03
3.140000000000000000e+02 8.950399999999999636e+03
3.060000000000000000e+02 9.095899999999999636e+03
2.420000000000000000e+02 9.589200000000000728e+03
2.580000000000000000e+02 1.026735000000000036e+04
2.820000000000000000e+02 1.067960000000000036e+04
2.740000000000000000e+02 1.077155000000000109e+04
2.660000000000000000e+02 1.100885000000000036e+04
2.660000000000000000e+02 1.108739999999999964e+04
2.500000000000000000e+02 1.110555000000000109e+04
2.900000000000000000e+02 1.112485000000000036e+04
2.980000000000000000e+02 1.141720000000000073e+04
2.820000000000000000e+02 1.156735000000000036e+04
2.820000000000000000e+02 1.172870000000000073e+04
2.900000000000000000e+02 1.207260000000000036e+04
2.420000000000000000e+02 1.223655000000000109e+04
3.060000000000000000e+02 1.252960000000000036e+04
3.060000000000000000e+02 1.270345000000000073e+04
2.500000000000000000e+02 1.297264999999999964e+04
2.820000000000000000e+02 1.301689999999999964e+04
2.820000000000000000e+02 1.336425000000000000e+04
2.980000000000000000e+02 1.350339999999999964e+04
2.740000000000000000e+02 1.369675000000000000e+04
3.060000000000000000e+02 1.381830000000000109e+04
2.660000000000000000e+02 1.382905000000000109e+04
2.580000000000000000e+02 1.405930000000000109e+04
2.420000000000000000e+02 1.407760000000000036e+04
3.060000000000000000e+02 1.424535000000000036e+04
2.900000000000000000e+02 1.451200000000000000e+04
2.660000000000000000e+02 1.461595000000000073e+04
2.980000000000000000e+02 1.476545000000000073e+04
2.660000000000000000e+02 1.531855000000000109e+04
3.140000000000000000e+02 1.536320000000000073e+04
2.820000000000000000e+02 1.545650000000000000e+04
2.980000000000000000e+02 1.547739999999999964e+04
2.660000000000000000e+02 1.548064999999999964e+04
2.660000000000000000e+02 1.575960000000000036e+04
2.820000000000000000e+02 1.578650000000000000e+04
2.900000000000000000e+02 1.611889999999999964e+04
2.420000000000000000e+02 1.645454999999999927e+04
2.420000000000000000e+02 1.652009999999999854e+04
2.420000000000000000e+02 1.659529999999999927e+04
2.900000000000000000e+02 1.674420000000000073e+04
2.580000000000000000e+02 1.686225000000000000e+04
2.980000000000000000e+02 1.699070000000000073e+04
2.900000000000000000e+02 1.706795000000000073e+04
2.820000000000000000e+02 1.746109999999999854e+04
2.590000000000000000e+02 2.259000000000000057e+02
2.510000000000000000e+02 2.270999999999999943e+02
2.430000000000000000e+02 4.423500000000000227e+02
2.910000000000000000e+02 4.646000000000000227e+02
2.990000000000000000e+02 5.242000000000000455e+02
2.830000000000000000e+02 5.726499999999999773e+02
2.590000000000000000e+02 8.323500000000000227e+02
2.430000000000000000e+02 9.006499999999999773e+02
2.830000000000000000e+02 9.498500000000000227e+02
2.670000000000000000e+02 9.543000000000000682e+02
2.990000000000000000e+02 1.006950000000000045e+03
2.430000000000000000e+02 1.230500000000000000e+03
2.590000000000000000e+02 1.250650000000000091e+03
3.150000000000000000e+02 1.319450000000000045e+03
3.150000000000000000e+02 1.581200000000000045e+03
3.070000000000000000e+02 1.983799999999999955e+03
2.510000000000000000e+02 2.159050000000000182e+03
2.510000000000000000e+02 2.349950000000000273e+03
2.510000000000000000e+02 2.686250000000000000e+03
2.510000000000000000e+02 2.774150000000000091e+03
2.990000000000000000e+02 3.101800000000000182e+03
2.430000000000000000e+02 3.811500000000000000e+03
2.430000000000000000e+02 4.866500000000000000e+03
2.510000000000000000e+02 5.563600000000000364e+03
2.590000000000000000e+02 6.081650000000000546e+03
3.150000000000000000e+02 6.101699999999999818e+03
3.150000000000000000e+02 6.263250000000000000e+03
2.430000000000000000e+02 6.506800000000000182e+03
3.150000000000000000e+02 6.548250000000000000e+03
2.990000000000000000e+02 6.551550000000000182e+03
2.590000000000000000e+02 6.634000000000000000e+03
2.430000000000000000e+02 6.689650000000000546e+03
2.430000000000000000e+02 6.798500000000000000e+03
2.670000000000000000e+02 6.868250000000000000e+03
3.150000000000000000e+02 6.923650000000000546e+03
2.910000000000000000e+02 6.979100000000000364e+03
3.070000000000000000e+02 7.153550000000000182e+03
2.430000000000000000e+02 7.535650000000000546e+03
3.150000000000000000e+02 7.590699999999999818e+03
2.670000000000000000e+02 7.952100000000000364e+03
3.070000000000000000e+02 8.351799999999999272e+03
2.590000000000000000e+02 8.401250000000000000e+03
2.430000000000000000e+02 8.665000000000000000e+03
3.070000000000000000e+02 8.690549999999999272e+03
3.150000000000000000e+02 8.866600000000000364e+03
2.910000000000000000e+02 8.932700000000000728e+03
2.990000000000000000e+02 9.066350000000000364e+03
3.070000000000000000e+02 9.371800000000001091e+03
2.750000000000000000e+02 9.640399999999999636e+03
2.430000000000000000e+02 9.791750000000000000e+03
2.990000000000000000e+02 1.008620000000000073e+04
2.910000000000000000e+02 1.040145000000000073e+04
2.590000000000000000e+02 1.041460000000000036e+04
3.070000000000000000e+02 1.059580000000000109e+04
2.430000000000000000e+02 1.116260000000000036e+04
2.830000000000000000e+02 1.117295000000000073e+04
2.430000000000000000e+02 1.129210000000000036e+04
2.510000000000000000e+02 1.141300000000000000e+04
2.910000000000000000e+02 1.153470000000000073e+04
2.990000000000000000e+02 1.166485000000000036e+04
2.830000000000000000e+02 1.171030000000000109e+04
2.510000000000000000e+02 1.184260000000000036e+04
2.430000000000000000e+02 1.191280000000000109e+04
2.910000000000000000e+02 1.222095000000000073e+04
3.070000000000000000e+02 1.228835000000000036e+04
2.510000000000000000e+02 1.250075000000000000e+04
3.070000000000000000e+02 1.250150000000000000e+04
2.910000000000000000e+02 1.252935000000000036e+04
2.670000000000000000e+02 1.257825000000000000e+04
2.510000000000000000e+02 1.265839999999999964e+04
3.150000000000000000e+02 1.301025000000000000e+04
2.670000000000000000e+02 1.324830000000000109e+04
3.150000000000000000e+02 1.336760000000000036e+04
3.070000000000000000e+02 1.359900000000000000e+04
2.590000000000000000e+02 1.361164999999999964e+04
2.430000000000000000e+02 1.454030000000000109e+04
2.590000000000000000e+02 1.457085000000000036e+04
3.150000000000000000e+02 1.467785000000000036e+04
2.510000000000000000e+02 1.507145000000000073e+04
2.750000000000000000e+02 1.542720000000000073e+04
2.670000000000000000e+02 1.546920000000000073e+04
2.590000000000000000e+02 1.563995000000000073e+04
3.150000000000000000e+02 1.575285000000000036e+04
2.510000000000000000e+02 1.656120000000000073e+04
2.830000000000000000e+02 1.671725000000000000e+04
2.430000000000000000e+02 1.693504999999999927e+04
2.430000000000000000e+02 1.706470000000000073e+04
2.590000000000000000e+02 1.714179999999999927e+04
3.150000000000000000e+02 1.714940000000000146e+04
2.430000000000000000e+02 1.727284999999999854e+04
2.830000000000000000e+02 1.755275000000000000e+04
3.070000000000000000e+02 1.755529999999999927e+04
2.910000000000000000e+02 1.775045000000000073e+04
3.000000000000000000e+02 1.813000000000000114e+02
2.760000000000000000e+02 4.761999999999999886e+02
2.440000000000000000e+02 5.638500000000000227e+02
2.840000000000000000e+02 8.311499999999999773e+02
2.760000000000000000e+02 9.552500000000000000e+02
2.600000000000000000e+02 1.064849999999999909e+03
2.840000000000000000e+02 1.181650000000000091e+03
2.440000000000000000e+02 1.506600000000000136e+03
2.600000000000000000e+02 1.597000000000000000e+03
3.080000000000000000e+02 1.933200000000000045e+03
3.160000000000000000e+02 1.982250000000000000e+03
2.440000000000000000e+02 2.006049999999999955e+03
2.520000000000000000e+02 2.106000000000000000e+03
2.840000000000000000e+02 2.127099999999999909e+03
2.600000000000000000e+02 2.148849999999999909e+03
2.920000000000000000e+02 2.229150000000000091e+03
2.840000000000000000e+02 2.425599999999999909e+03
2.600000000000000000e+02 2.581300000000000182e+03
2.920000000000000000e+02 2.836250000000000000e+03
3.160000000000000000e+02 2.846700000000000273e+03
3.000000000000000000e+02 2.980800000000000182e+03
3.160000000000000000e+02 3.241349999999999909e+03
2.760000000000000000e+02 3.593300000000000182e+03
2.440000000000000000e+02 3.650200000000000273e+03
2.840000000000000000e+02 4.371300000000000182e+03
2.920000000000000000e+02 5.121850000000000364e+03
3.160000000000000000e+02 5.342500000000000000e+03
2.680000000000000000e+02 6.072350000000000364e+03
3.160000000000000000e+02 6.090900000000000546e+03
3.000000000000000000e+02 6.465449999999999818e+03
2.920000000000000000e+02 6.502350000000000364e+03
3.160000000000000000e+02 6.964699999999999818e+03
2.520000000000000000e+02 6.998650000000000546e+03
3.000000000000000000e+02 7.168350000000000364e+03
2.680000000000000000e+02 7.429400000000000546e+03
3.080000000000000000e+02 7.454350000000000364e+03
2.440000000000000000e+02 7.484949999999999818e+03
2.600000000000000000e+02 7.864500000000000000e+03
3.160000000000000000e+02 7.879050000000000182e+03
3.000000000000000000e+02 7.952550000000000182e+03
2.440000000000000000e+02 8.065000000000000000e+03
2.840000000000000000e+02 8.146750000000000000e+03
3.080000000000000000e+02 8.445399999999999636e+03
3.000000000000000000e+02 8.451899999999999636e+03
3.080000000000000000e+02 9.284500000000000000e+03
3.160000000000000000e+02 9.390300000000001091e+03
3.080000000000000000e+02 9.430649999999999636e+03
2.680000000000000000e+02 9.750550000000001091e+03
3.160000000000000000e+02 9.836399999999999636e+03
2.520000000000000000e+02 9.866200000000000728e+03
2.760000000000000000e+02 9.985550000000001091e+03
2.600000000000000000e+02 1.004180000000000109e+04
2.520000000000000000e+02 1.011385000000000036e+04
2.840000000000000000e+02 1.064675000000000000e+04
2.920000000000000000e+02 1.075275000000000000e+04
2.840000000000000000e+02 1.094770000000000073e+04
2.920000000000000000e+02 1.101920000000000073e+04
2.680000000000000000e+02 1.128095000000000073e+04
2.920000000000000000e+02 1.138489999999999964e+04
2.440000000000000000e+02 1.147420000000000073e+04
2.520000000000000000e+02 1.150300000000000000e+04
2.680000000000000000e+02 1.163739999999999964e+04
2.520000000000000000e+02 1.167220000000000073e+04
2.760000000000000000e+02 1.173525000000000000e+04
2.920000000000000000e+02 1.181264999999999964e+04
2.840000000000000000e+02 1.183225000000000000e+04
2.680000000000000000e+02 1.189155000000000109e+04
3.080000000000000000e+02 1.189250000000000000e+04
2.600000000000000000e+02 1.192435000000000036e+04
2.920000000000000000e+02 1.193510000000000036e+04
2.520000000000000000e+02 1.217275000000000000e+04
2.680000000000000000e+02 1.225980000000000109e+04
2.440000000000000000e+02 1.238985000000000036e+04
2.840000000000000000e+02 1.259275000000000000e+04
2.440000000000000000e+02 1.283405000000000109e+04
2.520000000000000000e+02 1.289655000000000109e+04
2.840000000000000000e+02 1.302339999999999964e+04
2.920000000000000000e+02 1.308710000000000036e+04
3.080000000000000000e+02 1.313614999999999964e+04
3.160000000000000000e+02 1.323505000000000109e+04
2.440000000000000000e+02 1.345039999999999964e+04
3.000000000000000000e+02 1.346850000000000000e+04
2.680000000000000000e+02 1.350160000000000036e+04
2.840000000000000000e+02 1.369120000000000073e+04
2.440000000000000000e+02 1.388675000000000000e+04
2.440000000000000000e+02 1.403189999999999964e+04
2.840000000000000000e+02 1.404255000000000109e+04
2.840000000000000000e+02 1.413239999999999964e+04
2.920000000000000000e+02 1.452030000000000109e+04
2.840000000000000000e+02 1.454325000000000000e+04
2.440000000000000000e+02 1.463545000000000073e+04
3.080000000000000000e+02 1.475975000000000000e+04
3.000000000000000000e+02 1.490545000000000073e+04
2.600000000000000000e+02 1.508610000000000036e+04
2.600000000000000000e+02 1.530320000000000073e+04
3.160000000000000000e+02 1.538420000000000073e+04
3.160000000000000000e+02 1.550150000000000000e+04
2.840000000000000000e+02 1.562000000000000000e+04
3.000000000000000000e+02 1.574035000000000036e+04
3.080000000000000000e+02 1.579864999999999964e+04
3.000000000000000000e+02 1.582070000000000073e+04
2.440000000000000000e+02 1.590814999999999964e+04
3.160000000000000000e+02 1.604395000000000073e+04
3.000000000000000000e+02 1.630464999999999964e+04
2.600000000000000000e+02 1.632355000000000109e+04
2.520000000000000000e+02 1.657745000000000073e+04
2.600000000000000000e+02 1.739200000000000000e+04
2.520000000000000000e+02 1.750979999999999927e+04
2.840000000000000000e+02 1.756490000000000146e+04
2.840000000000000000e+02 1.772040000000000146e+04
3.080000000000000000e+02 1.780950000000000000e+04
2.680000000000000000e+02 1.799665000000000146e+04
2.690000000000000000e+02 2.665500000000000114e+02
2.690000000000000000e+02 3.301500000000000341e+02
2.450000000000000000e+02 5.965500000000000682e+02
2.530000000000000000e+02 6.900000000000000000e+02
2.770000000000000000e+02 6.905000000000000000e+02
2.690000000000000000e+02 7.795500000000000682e+02
2.530000000000000000e+02 9.374500000000000455e+02
2.690000000000000000e+02 1.242650000000000091e+03
3.010000000000000000e+02 1.340950000000000045e+03
2.690000000000000000e+02 1.489650000000000091e+03
2.930000000000000000e+02 1.718150000000000091e+03
2.690000000000000000e+02 1.811250000000000000e+03
2.610000000000000000e+02 1.961200000000000045e+03
2.450000000000000000e+02 1.972200000000000045e+03
2.850000000000000000e+02 1.988650000000000091e+03
3.090000000000000000e+02 2.173050000000000182e+03
2.850000000000000000e+02 2.214099999999999909e+03
2.930000000000000000e+02 2.353800000000000182e+03
3.170000000000000000e+02 2.437150000000000091e+03
2.770000000000000000e+02 2.697250000000000000e+03
2.850000000000000000e+02 2.833099999999999909e+03
2.610000000000000000e+02 2.896450000000000273e+03
2.530000000000000000e+02 3.094599999999999909e+03
2.610000000000000000e+02 3.694550000000000182e+03
3.170000000000000000e+02 3.756849999999999909e+03
2.690000000000000000e+02 4.043750000000000000e+03
2.450000000000000000e+02 6.043000000000000000e+03
2.770000000000000000e+02 6.322400000000000546e+03
3.170000000000000000e+02 6.325400000000000546e+03
2.850000000000000000e+02 6.395650000000000546e+03
2.930000000000000000e+02 6.674300000000000182e+03
2.770000000000000000e+02 6.697699999999999818e+03
2.850000000000000000e+02 6.750850000000000364e+03
2.530000000000000000e+02 6.871550000000000182e+03
2.850000000000000000e+02 6.983900000000000546e+03
2.450000000000000000e+02 7.010100000000000364e+03
2.530000000000000000e+02 7.017150000000000546e+03
2.610000000000000000e+02 7.823400000000000546e+03
2.450000000000000000e+02 7.859750000000000000e+03
3.010000000000000000e+02 7.877199999999999818e+03
2.850000000000000000e+02 8.008199999999999818e+03
3.090000000000000000e+02 8.318649999999999636e+03
2.850000000000000000e+02 8.522000000000000000e+03
2.530000000000000000e+02 8.595250000000000000e+03
2.850000000000000000e+02 8.915200000000000728e+03
3.090000000000000000e+02 9.073200000000000728e+03
3.010000000000000000e+02 9.446100000000000364e+03
3.090000000000000000e+02 9.643050000000001091e+03
2.610000000000000000e+02 1.011760000000000036e+04
3.010000000000000000e+02 1.013810000000000036e+04
2.530000000000000000e+02 1.046225000000000000e+04
2.450000000000000000e+02 1.058935000000000036e+04
3.010000000000000000e+02 1.071089999999999964e+04
2.930000000000000000e+02 1.074885000000000036e+04
2.530000000000000000e+02 1.101745000000000073e+04
2.930000000000000000e+02 1.130714999999999964e+04
3.090000000000000000e+02 1.140339999999999964e+04
3.170000000000000000e+02 1.144435000000000036e+04
3.090000000000000000e+02 1.258630000000000109e+04
3.010000000000000000e+02 1.265255000000000109e+04
2.770000000000000000e+02 1.265495000000000073e+04
2.690000000000000000e+02 1.287425000000000000e+04
3.090000000000000000e+02 1.295470000000000073e+04
3.010000000000000000e+02 1.338130000000000109e+04
3.010000000000000000e+02 1.346020000000000073e+04
2.850000000000000000e+02 1.348789999999999964e+04
2.770000000000000000e+02 1.369714999999999964e+04
2.930000000000000000e+02 1.384510000000000036e+04
2.770000000000000000e+02 1.386695000000000073e+04
2.850000000000000000e+02 1.393020000000000073e+04
3.010000000000000000e+02 1.398564999999999964e+04
3.010000000000000000e+02 1.418225000000000000e+04
3.090000000000000000e+02 1.420755000000000109e+04
2.690000000000000000e+02 1.435689999999999964e+04
3.170000000000000000e+02 1.455214999999999964e+04
2.530000000000000000e+02 1.457725000000000000e+04
2.930000000000000000e+02 1.554025000000000000e+04
3.170000000000000000e+02 1.554689999999999964e+04
3.090000000000000000e+02 1.598400000000000000e+04
2.450000000000000000e+02 1.614400000000000000e+04
3.010000000000000000e+02 1.615600000000000000e+04
2.770000000000000000e+02 1.617385000000000036e+04
3.090000000000000000e+02 1.625810000000000036e+04
3.010000000000000000e+02 1.641695000000000073e+04
2.770000000000000000e+02 1.649750000000000000e+04
3.010000000000000000e+02 1.654895000000000073e+04
2.930000000000000000e+02 1.681565000000000146e+04
2.530000000000000000e+02 1.687134999999999854e+04
3.090000000000000000e+02 1.689295000000000073e+04
2.850000000000000000e+02 1.694240000000000146e+04
3.170000000000000000e+02 1.695104999999999927e+04
3.010000000000000000e+02 1.708245000000000073e+04
3.090000000000000000e+02 1.745870000000000073e+04
2.610000000000000000e+02 1.754770000000000073e+04
2.930000000000000000e+02 1.790890000000000146e+04
2.620000000000000000e+02 1.331999999999999886e+02
2.540000000000000000e+02 2.803000000000000114e+02
2.460000000000000000e+02 4.004000000000000341e+02
2.940000000000000000e+02 5.593000000000000682e+02
2.780000000000000000e+02 6.438999999999999773e+02
3.020000000000000000e+02 6.935500000000000682e+02
3.100000000000000000e+02 7.083500000000000227e+02
2.460000000000000000e+02 8.473999999999999773e+02
2.700000000000000000e+02 9.084500000000000455e+02
2.940000000000000000e+02 1.033900000000000091e+03
2.460000000000000000e+02 1.174750000000000000e+03
2.860000000000000000e+02 1.256299999999999955e+03
2.460000000000000000e+02 1.416150000000000091e+03
2.460000000000000000e+02 1.588250000000000000e+03
2.940000000000000000e+02 1.937950000000000045e+03
2.460000000000000000e+02 2.125000000000000000e+03
3.020000000000000000e+02 2.162000000000000000e+03
2.540000000000000000e+02 2.180849999999999909e+03
2.780000000000000000e+02 2.297900000000000091e+03
3.020000000000000000e+02 2.561349999999999909e+03
3.100000000000000000e+02 2.602450000000000273e+03
2.700000000000000000e+02 2.728599999999999909e+03
2.860000000000000000e+02 2.736599999999999909e+03
3.020000000000000000e+02 3.233950000000000273e+03
2.700000000000000000e+02 3.295200000000000273e+03
2.860000000000000000e+02 6.037199999999999818e+03
3.020000000000000000e+02 6.308500000000000000e+03
2.860000000000000000e+02 6.457350000000000364e+03
3.180000000000000000e+02 6.744750000000000000e+03
2.460000000000000000e+02 7.099300000000000182e+03
2.620000000000000000e+02 7.468699999999999818e+03
2.460000000000000000e+02 8.055100000000000364e+03
2.780000000000000000e+02 8.295549999999999272e+03
3.180000000000000000e+02 8.355000000000000000e+03
2.700000000000000000e+02 8.511500000000000000e+03
2.700000000000000000e+02 8.725649999999999636e+03
2.860000000000000000e+02 8.867750000000000000e+03
3.100000000000000000e+02 8.888550000000001091e+03
3.020000000000000000e+02 8.890350000000000364e+03
2.540000000000000000e+02 8.929899999999999636e+03
2.860000000000000000e+02 9.124399999999999636e+03
2.460000000000000000e+02 9.373850000000000364e+03
3.100000000000000000e+02 9.715950000000000728e+03
3.020000000000000000e+02 1.005845000000000073e+04
2.860000000000000000e+02 1.030355000000000109e+04
2.620000000000000000e+02 1.077205000000000109e+04
2.860000000000000000e+02 1.096125000000000000e+04
2.540000000000000000e+02 1.161695000000000073e+04
2.700000000000000000e+02 1.166225000000000000e+04
2.940000000000000000e+02 1.182595000000000073e+04
3.020000000000000000e+02 1.190725000000000000e+04
2.860000000000000000e+02 1.198675000000000000e+04
2.860000000000000000e+02 1.218105000000000109e+04
2.460000000000000000e+02 1.225795000000000073e+04
2.940000000000000000e+02 1.308535000000000036e+04
3.020000000000000000e+02 1.314475000000000000e+04
2.460000000000000000e+02 1.343314999999999964e+04
2.860000000000000000e+02 1.356464999999999964e+04
3.180000000000000000e+02 1.360235000000000036e+04
2.860000000000000000e+02 1.425135000000000036e+04
2.460000000000000000e+02 1.427855000000000109e+04
3.100000000000000000e+02 1.440389999999999964e+04
2.700000000000000000e+02 1.443139999999999964e+04
2.620000000000000000e+02 1.444080000000000109e+04
3.180000000000000000e+02 1.469135000000000036e+04
2.940000000000000000e+02 1.479389999999999964e+04
2.540000000000000000e+02 1.553455000000000109e+04
2.940000000000000000e+02 1.564095000000000073e+04
3.180000000000000000e+02 1.598364999999999964e+04
3.020000000000000000e+02 1.628635000000000036e+04
2.460000000000000000e+02 1.694609999999999854e+04
2.860000000000000000e+02 1.711034999999999854e+04
3.020000000000000000e+02 1.723904999999999927e+04
2.700000000000000000e+02 1.729004999999999927e+04
2.460000000000000000e+02 1.747190000000000146e+04
3.100000000000000000e+02 1.771435000000000218e+04
2.950000000000000000e+02 2.338000000000000114e+02
2.550000000000000000e+02 3.084000000000000341e+02
3.110000000000000000e+02 5.375499999999999545e+02
2.790000000000000000e+02 6.564500000000000455e+02
2.710000000000000000e+02 7.822500000000000000e+02
3.190000000000000000e+02 1.013200000000000045e+03
2.790000000000000000e+02 1.241950000000000045e+03
2.950000000000000000e+02 1.455650000000000091e+03
3.110000000000000000e+02 1.534900000000000091e+03
2.950000000000000000e+02 1.633900000000000091e+03
3.190000000000000000e+02 1.680600000000000136e+03
3.190000000000000000e+02 1.919400000000000091e+03
3.030000000000000000e+02 1.922850000000000136e+03
2.630000000000000000e+02 2.020350000000000136e+03
3.030000000000000000e+02 2.179349999999999909e+03
3.030000000000000000e+02 2.471000000000000000e+03
2.790000000000000000e+02 2.601500000000000000e+03
3.110000000000000000e+02 2.827599999999999909e+03
2.710000000000000000e+02 2.855000000000000000e+03
3.190000000000000000e+02 2.905400000000000091e+03
2.630000000000000000e+02 3.052900000000000091e+03
2.470000000000000000e+02 4.589750000000000000e+03
2.630000000000000000e+02 6.031900000000000546e+03
3.190000000000000000e+02 6.122100000000000364e+03
2.630000000000000000e+02 6.180350000000000364e+03
3.030000000000000000e+02 6.261949999999999818e+03
2.950000000000000000e+02 6.535699999999999818e+03
2.630000000000000000e+02 6.590750000000000000e+03
2.790000000000000000e+02 6.626199999999999818e+03
3.110000000000000000e+02 6.682400000000000546e+03
2.630000000000000000e+02 6.840650000000000546e+03
2.470000000000000000e+02 6.991050000000000182e+03
2.870000000000000000e+02 7.094650000000000546e+03
2.950000000000000000e+02 7.248650000000000546e+03
2.630000000000000000e+02 7.331800000000000182e+03
2.550000000000000000e+02 7.566550000000000182e+03
3.110000000000000000e+02 7.620850000000000364e+03
2.710000000000000000e+02 7.806100000000000364e+03
2.870000000000000000e+02 7.813949999999999818e+03
3.190000000000000000e+02 7.961400000000000546e+03
2.950000000000000000e+02 8.147350000000000364e+03
2.550000000000000000e+02 8.417750000000000000e+03
2.470000000000000000e+02 8.429600000000000364e+03
3.110000000000000000e+02 8.688899999999999636e+03
2.950000000000000000e+02 8.756000000000000000e+03
3.190000000000000000e+02 8.846500000000000000e+03
3.110000000000000000e+02 8.917450000000000728e+03
2.870000000000000000e+02 8.924399999999999636e+03
2.630000000000000000e+02 9.425149999999999636e+03
2.710000000000000000e+02 9.629750000000000000e+03
2.870000000000000000e+02 9.738300000000001091e+03
3.190000000000000000e+02 9.997250000000000000e+03
2.550000000000000000e+02 1.028150000000000000e+04
2.630000000000000000e+02 1.034439999999999964e+04
3.190000000000000000e+02 1.037589999999999964e+04
2.630000000000000000e+02 1.053730000000000109e+04
2.630000000000000000e+02 1.069110000000000036e+04
2.870000000000000000e+02 1.088064999999999964e+04
3.190000000000000000e+02 1.089380000000000109e+04
2.790000000000000000e+02 1.102289999999999964e+04
3.190000000000000000e+02 1.103525000000000000e+04
2.790000000000000000e+02 1.116325000000000000e+04
3.030000000000000000e+02 1.118150000000000000e+04
2.550000000000000000e+02 1.126389999999999964e+04
3.110000000000000000e+02 1.127020000000000073e+04
2.950000000000000000e+02 1.128470000000000073e+04
3.030000000000000000e+02 1.152935000000000036e+04
2.950000000000000000e+02 1.162114999999999964e+04
3.110000000000000000e+02 1.182570000000000073e+04
2.950000000000000000e+02 1.186995000000000073e+04
2.710000000000000000e+02 1.207980000000000109e+04
3.190000000000000000e+02 1.236239999999999964e+04
2.870000000000000000e+02 1.252120000000000073e+04
2.630000000000000000e+02 1.284955000000000109e+04
2.790000000000000000e+02 1.321389999999999964e+04
2.550000000000000000e+02 1.322135000000000036e+04
3.110000000000000000e+02 1.324960000000000036e+04
2.550000000000000000e+02 1.333180000000000109e+04
3.030000000000000000e+02 1.336510000000000036e+04
3.030000000000000000e+02 1.350160000000000036e+04
2.470000000000000000e+02 1.356380000000000109e+04
2.790000000000000000e+02 1.357185000000000036e+04
2.870000000000000000e+02 1.368495000000000073e+04
2.550000000000000000e+02 1.382070000000000073e+04
2.710000000000000000e+02 1.394039999999999964e+04
2.470000000000000000e+02 1.406364999999999964e+04
3.110000000000000000e+02 1.411589999999999964e+04
3.030000000000000000e+02 1.419850000000000000e+04
2.870000000000000000e+02 1.432220000000000073e+04
2.870000000000000000e+02 1.443235000000000036e+04
3.030000000000000000e+02 1.496535000000000036e+04
3.030000000000000000e+02 1.505530000000000109e+04
3.110000000000000000e+02 1.544530000000000109e+04
2.550000000000000000e+02 1.549205000000000109e+04
2.630000000000000000e+02 1.553985000000000036e+04
2.950000000000000000e+02 1.599560000000000036e+04
2.790000000000000000e+02 1.615835000000000036e+04
2.710000000000000000e+02 1.620755000000000109e+04
2.790000000000000000e+02 1.631264999999999964e+04
2.950000000000000000e+02 1.662804999999999927e+04
2.710000000000000000e+02 1.663209999999999854e+04
3.110000000000000000e+02 1.707225000000000000e+04
2.710000000000000000e+02 1.717084999999999854e+04
3.110000000000000000e+02 1.748860000000000218e+04
