8.800000000000000000e+01 9.170500000000000682e+02
8.800000000000000000e+01 9.804500000000000455e+02
1.200000000000000000e+02 9.931499999999999773e+02
1.120000000000000000e+02 1.411750000000000000e+03
1.120000000000000000e+02 1.506400000000000091e+03
1.600000000000000000e+02 1.779799999999999955e+03
8.800000000000000000e+01 1.994799999999999955e+03
9.600000000000000000e+01 2.041150000000000091e+03
8.800000000000000000e+01 2.142650000000000091e+03
1.200000000000000000e+02 2.307550000000000182e+03
8.800000000000000000e+01 2.419550000000000182e+03
1.040000000000000000e+02 2.509599999999999909e+03
8.800000000000000000e+01 2.858550000000000182e+03
1.440000000000000000e+02 3.227150000000000091e+03
8.800000000000000000e+01 3.838900000000000091e+03
1.600000000000000000e+02 4.165449999999999818e+03
1.040000000000000000e+02 4.324449999999999818e+03
9.600000000000000000e+01 4.448600000000000364e+03
1.600000000000000000e+02 4.626750000000000000e+03
1.440000000000000000e+02 5.119199999999999818e+03
1.280000000000000000e+02 5.439300000000000182e+03
1.520000000000000000e+02 6.161400000000000546e+03
1.600000000000000000e+02 6.184000000000000000e+03
1.600000000000000000e+02 6.329550000000000182e+03
1.200000000000000000e+02 6.367500000000000000e+03
1.120000000000000000e+02 6.693350000000000364e+03
8.800000000000000000e+01 6.737350000000000364e+03
1.120000000000000000e+02 7.374350000000000364e+03
1.040000000000000000e+02 7.653550000000000182e+03
1.200000000000000000e+02 8.903550000000001091e+03
1.120000000000000000e+02 9.005950000000000728e+03
1.040000000000000000e+02 9.180149999999999636e+03
1.040000000000000000e+02 9.645149999999999636e+03
1.600000000000000000e+02 1.037420000000000073e+04
1.280000000000000000e+02 1.070750000000000000e+04
1.200000000000000000e+02 1.076830000000000109e+04
1.040000000000000000e+02 1.077989999999999964e+04
9.600000000000000000e+01 1.079895000000000073e+04
9.600000000000000000e+01 1.149525000000000000e+04
8.800000000000000000e+01 1.169964999999999964e+04
1.040000000000000000e+02 1.173350000000000000e+04
1.600000000000000000e+02 1.177085000000000036e+04
1.280000000000000000e+02 1.229120000000000073e+04
1.280000000000000000e+02 1.266910000000000036e+04
1.200000000000000000e+02 1.287680000000000109e+04
1.200000000000000000e+02 1.316614999999999964e+04
1.600000000000000000e+02 1.324860000000000036e+04
1.360000000000000000e+02 1.339370000000000073e+04
1.280000000000000000e+02 1.355900000000000000e+04
1.600000000000000000e+02 1.359745000000000073e+04
1.200000000000000000e+02 1.361425000000000000e+04
1.040000000000000000e+02 1.372120000000000073e+04
1.120000000000000000e+02 1.382114999999999964e+04
9.600000000000000000e+01 1.411189999999999964e+04
1.200000000000000000e+02 1.449170000000000073e+04
1.120000000000000000e+02 1.483295000000000073e+04
1.600000000000000000e+02 1.484310000000000036e+04
1.200000000000000000e+02 1.501475000000000000e+04
1.200000000000000000e+02 1.551310000000000036e+04
1.440000000000000000e+02 1.573110000000000036e+04
1.360000000000000000e+02 1.579495000000000073e+04
1.520000000000000000e+02 1.605120000000000073e+04
1.280000000000000000e+02 1.620864999999999964e+04
8.800000000000000000e+01 1.624570000000000073e+04
1.120000000000000000e+02 1.633289999999999964e+04
1.200000000000000000e+02 1.708920000000000073e+04
1.120000000000000000e+02 1.712215000000000146e+04
1.600000000000000000e+02 1.718640000000000146e+04
1.200000000000000000e+02 1.731325000000000000e+04
1.360000000000000000e+02 1.743359999999999854e+04
1.200000000000000000e+02 1.754629999999999927e+04
1.280000000000000000e+02 1.778354999999999927e+04
1.210000000000000000e+02 1.313499999999999943e+02
1.530000000000000000e+02 1.706500000000000057e+02
8.900000000000000000e+01 3.820000000000000000e+02
1.210000000000000000e+02 6.188500000000000227e+02
1.290000000000000000e+02 7.245000000000000000e+02
1.210000000000000000e+02 9.210500000000000682e+02
8.900000000000000000e+01 9.697000000000000455e+02
1.530000000000000000e+02 1.313700000000000045e+03
1.610000000000000000e+02 1.486799999999999955e+03
1.370000000000000000e+02 1.503299999999999955e+03
9.700000000000000000e+01 1.581000000000000000e+03
1.210000000000000000e+02 1.614150000000000091e+03
1.610000000000000000e+02 1.834150000000000091e+03
1.050000000000000000e+02 2.549849999999999909e+03
8.900000000000000000e+01 2.732700000000000273e+03
9.700000000000000000e+01 3.001349999999999909e+03
1.050000000000000000e+02 3.029099999999999909e+03
9.700000000000000000e+01 3.803950000000000273e+03
9.700000000000000000e+01 4.834800000000000182e+03
1.530000000000000000e+02 5.154100000000000364e+03
8.900000000000000000e+01 6.306100000000000364e+03
1.290000000000000000e+02 6.569800000000000182e+03
8.900000000000000000e+01 6.573900000000000546e+03
9.700000000000000000e+01 6.715000000000000000e+03
9.700000000000000000e+01 6.982600000000000364e+03
1.530000000000000000e+02 7.364350000000000364e+03
8.900000000000000000e+01 8.244899999999999636e+03
1.210000000000000000e+02 8.580200000000000728e+03
1.450000000000000000e+02 8.665799999999999272e+03
1.370000000000000000e+02 8.735549999999999272e+03
1.290000000000000000e+02 8.879800000000001091e+03
1.130000000000000000e+02 9.418350000000000364e+03
9.700000000000000000e+01 9.448200000000000728e+03
1.610000000000000000e+02 9.549600000000000364e+03
1.290000000000000000e+02 9.615300000000001091e+03
1.610000000000000000e+02 9.907350000000000364e+03
1.370000000000000000e+02 1.015295000000000073e+04
1.610000000000000000e+02 1.081900000000000000e+04
1.050000000000000000e+02 1.107630000000000109e+04
1.210000000000000000e+02 1.176560000000000036e+04
1.050000000000000000e+02 1.183625000000000000e+04
1.530000000000000000e+02 1.230650000000000000e+04
1.130000000000000000e+02 1.251155000000000109e+04
1.450000000000000000e+02 1.262685000000000036e+04
9.700000000000000000e+01 1.267095000000000073e+04
1.050000000000000000e+02 1.275945000000000073e+04
9.700000000000000000e+01 1.300735000000000036e+04
1.210000000000000000e+02 1.337360000000000036e+04
1.290000000000000000e+02 1.339635000000000036e+04
1.530000000000000000e+02 1.341589999999999964e+04
1.210000000000000000e+02 1.383160000000000036e+04
1.610000000000000000e+02 1.391410000000000036e+04
1.130000000000000000e+02 1.418414999999999964e+04
1.370000000000000000e+02 1.444195000000000073e+04
8.900000000000000000e+01 1.465385000000000036e+04
9.700000000000000000e+01 1.478125000000000000e+04
1.050000000000000000e+02 1.478210000000000036e+04
1.290000000000000000e+02 1.505730000000000109e+04
1.210000000000000000e+02 1.547045000000000073e+04
8.900000000000000000e+01 1.572839999999999964e+04
1.530000000000000000e+02 1.629825000000000000e+04
1.530000000000000000e+02 1.642975000000000000e+04
1.290000000000000000e+02 1.667920000000000073e+04
1.130000000000000000e+02 1.676595000000000073e+04
1.370000000000000000e+02 1.736509999999999854e+04
1.450000000000000000e+02 1.737504999999999927e+04
1.210000000000000000e+02 1.751645000000000073e+04
1.210000000000000000e+02 1.773129999999999927e+04
8.900000000000000000e+01 1.795079999999999927e+04
1.460000000000000000e+02 3.126000000000000227e+02
1.220000000000000000e+02 5.982000000000000455e+02
1.460000000000000000e+02 7.672000000000000455e+02
8.200000000000000000e+01 1.229150000000000091e+03
9.800000000000000000e+01 1.425700000000000045e+03
9.000000000000000000e+01 1.473299999999999955e+03
8.200000000000000000e+01 1.479549999999999955e+03
1.460000000000000000e+02 2.060650000000000091e+03
1.220000000000000000e+02 2.115050000000000182e+03
8.200000000000000000e+01 2.340099999999999909e+03
1.380000000000000000e+02 2.691000000000000000e+03
1.460000000000000000e+02 2.955000000000000000e+03
1.300000000000000000e+02 3.031599999999999909e+03
8.200000000000000000e+01 3.387349999999999909e+03
8.200000000000000000e+01 3.747349999999999909e+03
1.380000000000000000e+02 3.974550000000000182e+03
1.460000000000000000e+02 4.257649999999999636e+03
1.140000000000000000e+02 4.571250000000000000e+03
1.540000000000000000e+02 4.750900000000000546e+03
1.380000000000000000e+02 6.609199999999999818e+03
8.200000000000000000e+01 6.710400000000000546e+03
1.460000000000000000e+02 6.720400000000000546e+03
1.140000000000000000e+02 6.875850000000000364e+03
8.200000000000000000e+01 6.975949999999999818e+03
9.000000000000000000e+01 7.095000000000000000e+03
8.200000000000000000e+01 7.182000000000000000e+03
1.380000000000000000e+02 7.206000000000000000e+03
1.300000000000000000e+02 7.327500000000000000e+03
1.060000000000000000e+02 7.930850000000000364e+03
1.060000000000000000e+02 7.992900000000000546e+03
1.060000000000000000e+02 8.260450000000000728e+03
1.300000000000000000e+02 8.508200000000000728e+03
1.380000000000000000e+02 9.321250000000000000e+03
1.220000000000000000e+02 9.557750000000000000e+03
1.300000000000000000e+02 9.667750000000000000e+03
1.460000000000000000e+02 1.011850000000000000e+04
1.300000000000000000e+02 1.045339999999999964e+04
1.540000000000000000e+02 1.084105000000000109e+04
1.380000000000000000e+02 1.103030000000000109e+04
1.460000000000000000e+02 1.104345000000000073e+04
1.300000000000000000e+02 1.148255000000000109e+04
9.800000000000000000e+01 1.159405000000000109e+04
1.140000000000000000e+02 1.160760000000000036e+04
9.000000000000000000e+01 1.161200000000000000e+04
1.060000000000000000e+02 1.186825000000000000e+04
1.140000000000000000e+02 1.199375000000000000e+04
1.380000000000000000e+02 1.218725000000000000e+04
1.140000000000000000e+02 1.219080000000000109e+04
1.140000000000000000e+02 1.249860000000000036e+04
1.380000000000000000e+02 1.266325000000000000e+04
1.060000000000000000e+02 1.270220000000000073e+04
1.540000000000000000e+02 1.325939999999999964e+04
9.000000000000000000e+01 1.339810000000000036e+04
1.380000000000000000e+02 1.348314999999999964e+04
1.220000000000000000e+02 1.357785000000000036e+04
8.200000000000000000e+01 1.359910000000000036e+04
9.800000000000000000e+01 1.361350000000000000e+04
9.800000000000000000e+01 1.381039999999999964e+04
9.000000000000000000e+01 1.396680000000000109e+04
8.200000000000000000e+01 1.434295000000000073e+04
1.060000000000000000e+02 1.440814999999999964e+04
9.000000000000000000e+01 1.463855000000000109e+04
1.060000000000000000e+02 1.499950000000000000e+04
9.800000000000000000e+01 1.500230000000000109e+04
8.200000000000000000e+01 1.528095000000000073e+04
1.300000000000000000e+02 1.530175000000000000e+04
9.800000000000000000e+01 1.538139999999999964e+04
9.800000000000000000e+01 1.592175000000000000e+04
1.220000000000000000e+02 1.652400000000000000e+04
1.140000000000000000e+02 1.662529999999999927e+04
1.380000000000000000e+02 1.676540000000000146e+04
1.460000000000000000e+02 1.688775000000000000e+04
8.200000000000000000e+01 1.700600000000000000e+04
1.300000000000000000e+02 1.703654999999999927e+04
1.220000000000000000e+02 1.714320000000000073e+04
1.460000000000000000e+02 1.734465000000000146e+04
1.140000000000000000e+02 1.739150000000000000e+04
1.460000000000000000e+02 1.753535000000000218e+04
1.380000000000000000e+02 1.757300000000000000e+04
1.380000000000000000e+02 1.766100000000000000e+04
1.060000000000000000e+02 1.780290000000000146e+04
8.200000000000000000e+01 1.781440000000000146e+04
8.300000000000000000e+01 3.066000000000000227e+02
1.070000000000000000e+02 8.555000000000000000e+02
9.100000000000000000e+01 9.468999999999999773e+02
1.550000000000000000e+02 1.069549999999999955e+03
1.230000000000000000e+02 1.184600000000000136e+03
9.100000000000000000e+01 1.781100000000000136e+03
1.310000000000000000e+02 1.794049999999999955e+03
1.550000000000000000e+02 2.007799999999999955e+03
8.300000000000000000e+01 2.120949999999999818e+03
1.230000000000000000e+02 2.140000000000000000e+03
1.310000000000000000e+02 2.246700000000000273e+03
1.070000000000000000e+02 2.860900000000000091e+03
1.230000000000000000e+02 3.117500000000000000e+03
1.070000000000000000e+02 3.677900000000000091e+03
1.550000000000000000e+02 6.080100000000000364e+03
1.070000000000000000e+02 6.100949999999999818e+03
1.390000000000000000e+02 6.343699999999999818e+03
9.900000000000000000e+01 6.594750000000000000e+03
1.550000000000000000e+02 6.743449999999999818e+03
1.310000000000000000e+02 6.768550000000000182e+03
1.550000000000000000e+02 6.890900000000000546e+03
1.150000000000000000e+02 7.238449999999999818e+03
1.390000000000000000e+02 7.538100000000000364e+03
1.070000000000000000e+02 7.628350000000000364e+03
1.390000000000000000e+02 7.770800000000000182e+03
9.900000000000000000e+01 8.894550000000001091e+03
9.100000000000000000e+01 8.955950000000000728e+03
8.300000000000000000e+01 9.184950000000000728e+03
1.230000000000000000e+02 9.213149999999999636e+03
1.070000000000000000e+02 9.600000000000000000e+03
1.230000000000000000e+02 9.630250000000000000e+03
9.900000000000000000e+01 9.751050000000001091e+03
1.310000000000000000e+02 9.833500000000000000e+03
1.550000000000000000e+02 9.909100000000000364e+03
8.300000000000000000e+01 1.008860000000000036e+04
9.900000000000000000e+01 1.027939999999999964e+04
8.300000000000000000e+01 1.046664999999999964e+04
9.900000000000000000e+01 1.089264999999999964e+04
1.310000000000000000e+02 1.099975000000000000e+04
8.300000000000000000e+01 1.160389999999999964e+04
1.150000000000000000e+02 1.178770000000000073e+04
1.470000000000000000e+02 1.183935000000000036e+04
1.230000000000000000e+02 1.193814999999999964e+04
1.310000000000000000e+02 1.209935000000000036e+04
8.300000000000000000e+01 1.230539999999999964e+04
9.900000000000000000e+01 1.230814999999999964e+04
1.150000000000000000e+02 1.235930000000000109e+04
1.150000000000000000e+02 1.242345000000000073e+04
8.300000000000000000e+01 1.279455000000000109e+04
9.100000000000000000e+01 1.298580000000000109e+04
1.390000000000000000e+02 1.315185000000000036e+04
1.310000000000000000e+02 1.326614999999999964e+04
9.900000000000000000e+01 1.349905000000000109e+04
1.390000000000000000e+02 1.351775000000000000e+04
8.300000000000000000e+01 1.369000000000000000e+04
1.070000000000000000e+02 1.369130000000000109e+04
1.150000000000000000e+02 1.373595000000000073e+04
8.300000000000000000e+01 1.388014999999999964e+04
1.310000000000000000e+02 1.417170000000000073e+04
1.390000000000000000e+02 1.452614999999999964e+04
1.310000000000000000e+02 1.492375000000000000e+04
1.150000000000000000e+02 1.580420000000000073e+04
1.550000000000000000e+02 1.627285000000000036e+04
1.230000000000000000e+02 1.639720000000000073e+04
1.230000000000000000e+02 1.647059999999999854e+04
1.390000000000000000e+02 1.655870000000000073e+04
9.100000000000000000e+01 1.662804999999999927e+04
1.150000000000000000e+02 1.663129999999999927e+04
9.900000000000000000e+01 1.663409999999999854e+04
1.310000000000000000e+02 1.678909999999999854e+04
1.470000000000000000e+02 1.689125000000000000e+04
9.900000000000000000e+01 1.695990000000000146e+04
1.230000000000000000e+02 1.697234999999999854e+04
1.150000000000000000e+02 1.733345000000000073e+04
1.150000000000000000e+02 1.775170000000000073e+04
1.550000000000000000e+02 1.778779999999999927e+04
1.480000000000000000e+02 1.179500000000000028e+02
1.160000000000000000e+02 3.005000000000000000e+02
8.400000000000000000e+01 5.766499999999999773e+02
1.560000000000000000e+02 7.720500000000000682e+02
1.320000000000000000e+02 9.128999999999999773e+02
1.560000000000000000e+02 1.052700000000000045e+03
8.400000000000000000e+01 1.148700000000000045e+03
1.080000000000000000e+02 1.191650000000000091e+03
1.000000000000000000e+02 1.319549999999999955e+03
9.200000000000000000e+01 1.713700000000000045e+03
1.320000000000000000e+02 2.239000000000000000e+03
1.160000000000000000e+02 2.289550000000000182e+03
1.000000000000000000e+02 2.462950000000000273e+03
1.320000000000000000e+02 2.789599999999999909e+03
1.400000000000000000e+02 3.305650000000000091e+03
8.400000000000000000e+01 4.160850000000000364e+03
1.160000000000000000e+02 5.938600000000000364e+03
1.320000000000000000e+02 6.051550000000000182e+03
1.160000000000000000e+02 6.222350000000000364e+03
9.200000000000000000e+01 6.403350000000000364e+03
8.400000000000000000e+01 6.449750000000000000e+03
1.000000000000000000e+02 6.565750000000000000e+03
9.200000000000000000e+01 6.592400000000000546e+03
1.320000000000000000e+02 6.672750000000000000e+03
9.200000000000000000e+01 6.863850000000000364e+03
1.480000000000000000e+02 6.979850000000000364e+03
1.320000000000000000e+02 7.772650000000000546e+03
8.400000000000000000e+01 8.282350000000000364e+03
8.400000000000000000e+01 8.977450000000000728e+03
1.000000000000000000e+02 9.158149999999999636e+03
1.080000000000000000e+02 9.159450000000000728e+03
1.480000000000000000e+02 9.165899999999999636e+03
1.000000000000000000e+02 9.704700000000000728e+03
9.200000000000000000e+01 9.893100000000000364e+03
1.000000000000000000e+02 1.026650000000000000e+04
1.400000000000000000e+02 1.032435000000000036e+04
1.400000000000000000e+02 1.057195000000000073e+04
9.200000000000000000e+01 1.075685000000000036e+04
1.080000000000000000e+02 1.089975000000000000e+04
9.200000000000000000e+01 1.096770000000000073e+04
9.200000000000000000e+01 1.109395000000000073e+04
1.160000000000000000e+02 1.156275000000000000e+04
1.560000000000000000e+02 1.179889999999999964e+04
1.240000000000000000e+02 1.217425000000000000e+04
1.000000000000000000e+02 1.231125000000000000e+04
1.080000000000000000e+02 1.239430000000000109e+04
1.400000000000000000e+02 1.266980000000000109e+04
1.320000000000000000e+02 1.272735000000000036e+04
1.400000000000000000e+02 1.281595000000000073e+04
9.200000000000000000e+01 1.290314999999999964e+04
8.400000000000000000e+01 1.309020000000000073e+04
1.480000000000000000e+02 1.319760000000000036e+04
1.080000000000000000e+02 1.322414999999999964e+04
1.080000000000000000e+02 1.333780000000000109e+04
1.240000000000000000e+02 1.334800000000000000e+04
1.400000000000000000e+02 1.378920000000000073e+04
1.560000000000000000e+02 1.388060000000000036e+04
1.240000000000000000e+02 1.388910000000000036e+04
1.480000000000000000e+02 1.465070000000000073e+04
1.400000000000000000e+02 1.476950000000000000e+04
1.400000000000000000e+02 1.506670000000000073e+04
1.160000000000000000e+02 1.538610000000000036e+04
1.240000000000000000e+02 1.593145000000000073e+04
1.560000000000000000e+02 1.627525000000000000e+04
1.080000000000000000e+02 1.664684999999999854e+04
1.000000000000000000e+02 1.690365000000000146e+04
1.320000000000000000e+02 1.702754999999999927e+04
1.240000000000000000e+02 1.729009999999999854e+04
8.400000000000000000e+01 1.738654999999999927e+04
8.400000000000000000e+01 1.757245000000000073e+04
8.400000000000000000e+01 1.766175000000000000e+04
1.160000000000000000e+02 1.797250000000000000e+04
1.330000000000000000e+02 1.700500000000000114e+02
8.500000000000000000e+01 2.996999999999999886e+02
1.170000000000000000e+02 3.131500000000000341e+02
1.410000000000000000e+02 3.361999999999999886e+02
1.570000000000000000e+02 3.841999999999999886e+02
1.010000000000000000e+02 4.539499999999999886e+02
1.490000000000000000e+02 6.558000000000000682e+02
1.010000000000000000e+02 7.824500000000000455e+02
9.300000000000000000e+01 8.691499999999999773e+02
1.170000000000000000e+02 9.603999999999999773e+02
8.500000000000000000e+01 9.973000000000000682e+02
1.570000000000000000e+02 1.225000000000000000e+03
1.410000000000000000e+02 1.534000000000000000e+03
1.410000000000000000e+02 1.599250000000000000e+03
1.490000000000000000e+02 1.603400000000000091e+03
1.250000000000000000e+02 1.654350000000000136e+03
1.330000000000000000e+02 1.667400000000000091e+03
1.410000000000000000e+02 2.018950000000000045e+03
1.090000000000000000e+02 2.141349999999999909e+03
1.330000000000000000e+02 2.280750000000000000e+03
1.010000000000000000e+02 2.709650000000000091e+03
1.490000000000000000e+02 2.776300000000000182e+03
1.410000000000000000e+02 2.814099999999999909e+03
1.090000000000000000e+02 2.932599999999999909e+03
9.300000000000000000e+01 2.966200000000000273e+03
1.250000000000000000e+02 3.032950000000000273e+03
1.490000000000000000e+02 3.174750000000000000e+03
1.330000000000000000e+02 3.233500000000000000e+03
1.010000000000000000e+02 3.274550000000000182e+03
1.170000000000000000e+02 4.327899999999999636e+03
1.090000000000000000e+02 4.700400000000000546e+03
8.500000000000000000e+01 5.052000000000000000e+03
8.500000000000000000e+01 5.786350000000000364e+03
8.500000000000000000e+01 6.197699999999999818e+03
9.300000000000000000e+01 6.202750000000000000e+03
1.090000000000000000e+02 6.302300000000000182e+03
1.330000000000000000e+02 6.373600000000000364e+03
1.090000000000000000e+02 6.553400000000000546e+03
1.490000000000000000e+02 6.681400000000000546e+03
1.330000000000000000e+02 6.779900000000000546e+03
1.250000000000000000e+02 7.048300000000000182e+03
1.490000000000000000e+02 7.222000000000000000e+03
1.170000000000000000e+02 7.430000000000000000e+03
8.500000000000000000e+01 7.754550000000000182e+03
1.170000000000000000e+02 8.567000000000000000e+03
1.010000000000000000e+02 8.948000000000000000e+03
9.300000000000000000e+01 9.011950000000000728e+03
1.490000000000000000e+02 9.040750000000000000e+03
1.090000000000000000e+02 9.055250000000000000e+03
1.250000000000000000e+02 9.503100000000000364e+03
9.300000000000000000e+01 9.868500000000000000e+03
1.170000000000000000e+02 1.068414999999999964e+04
8.500000000000000000e+01 1.072855000000000109e+04
9.300000000000000000e+01 1.083330000000000109e+04
8.500000000000000000e+01 1.092385000000000036e+04
1.490000000000000000e+02 1.149645000000000073e+04
1.170000000000000000e+02 1.179370000000000073e+04
1.410000000000000000e+02 1.180560000000000036e+04
1.250000000000000000e+02 1.187814999999999964e+04
1.570000000000000000e+02 1.200555000000000109e+04
1.490000000000000000e+02 1.213170000000000073e+04
8.500000000000000000e+01 1.230664999999999964e+04
1.490000000000000000e+02 1.256280000000000109e+04
1.330000000000000000e+02 1.263639999999999964e+04
1.250000000000000000e+02 1.266039999999999964e+04
1.090000000000000000e+02 1.266375000000000000e+04
1.570000000000000000e+02 1.301680000000000109e+04
1.170000000000000000e+02 1.314380000000000109e+04
1.490000000000000000e+02 1.373285000000000036e+04
1.170000000000000000e+02 1.399160000000000036e+04
1.250000000000000000e+02 1.409145000000000073e+04
1.010000000000000000e+02 1.424364999999999964e+04
1.410000000000000000e+02 1.425870000000000073e+04
1.090000000000000000e+02 1.434150000000000000e+04
1.490000000000000000e+02 1.448380000000000109e+04
8.500000000000000000e+01 1.460055000000000109e+04
1.170000000000000000e+02 1.462325000000000000e+04
8.500000000000000000e+01 1.551375000000000000e+04
1.330000000000000000e+02 1.557610000000000036e+04
8.500000000000000000e+01 1.566860000000000036e+04
1.010000000000000000e+02 1.608260000000000036e+04
1.090000000000000000e+02 1.611905000000000109e+04
1.090000000000000000e+02 1.633375000000000000e+04
1.010000000000000000e+02 1.638185000000000036e+04
1.010000000000000000e+02 1.650654999999999927e+04
8.500000000000000000e+01 1.652259999999999854e+04
1.490000000000000000e+02 1.662940000000000146e+04
8.500000000000000000e+01 1.670395000000000073e+04
1.010000000000000000e+02 1.675715000000000146e+04
1.410000000000000000e+02 1.703765000000000146e+04
1.410000000000000000e+02 1.713595000000000073e+04
8.500000000000000000e+01 1.785054999999999927e+04
8.600000000000000000e+01 3.442500000000000000e+02
1.580000000000000000e+02 6.941499999999999773e+02
1.020000000000000000e+02 7.170500000000000682e+02
1.340000000000000000e+02 7.382000000000000455e+02
1.260000000000000000e+02 9.520000000000000000e+02
1.020000000000000000e+02 1.191700000000000045e+03
1.580000000000000000e+02 1.226250000000000000e+03
8.600000000000000000e+01 1.267100000000000136e+03
1.020000000000000000e+02 1.295049999999999955e+03
1.100000000000000000e+02 2.046299999999999955e+03
1.180000000000000000e+02 2.146250000000000000e+03
1.020000000000000000e+02 2.339550000000000182e+03
1.500000000000000000e+02 2.497849999999999909e+03
9.400000000000000000e+01 2.673700000000000273e+03
1.420000000000000000e+02 3.253550000000000182e+03
1.580000000000000000e+02 4.377800000000000182e+03
8.600000000000000000e+01 4.661300000000000182e+03
9.400000000000000000e+01 6.340750000000000000e+03
1.020000000000000000e+02 6.364400000000000546e+03
1.260000000000000000e+02 6.705900000000000546e+03
1.500000000000000000e+02 6.801449999999999818e+03
1.580000000000000000e+02 6.866100000000000364e+03
1.420000000000000000e+02 6.974699999999999818e+03
1.260000000000000000e+02 7.052800000000000182e+03
8.600000000000000000e+01 7.148000000000000000e+03
1.340000000000000000e+02 7.284600000000000364e+03
1.260000000000000000e+02 7.436949999999999818e+03
1.020000000000000000e+02 7.459400000000000546e+03
1.180000000000000000e+02 7.550300000000000182e+03
9.400000000000000000e+01 7.586250000000000000e+03
1.340000000000000000e+02 7.658449999999999818e+03
9.400000000000000000e+01 7.717400000000000546e+03
1.260000000000000000e+02 8.300950000000000728e+03
1.100000000000000000e+02 8.446500000000000000e+03
8.600000000000000000e+01 8.764899999999999636e+03
1.260000000000000000e+02 8.842500000000000000e+03
9.400000000000000000e+01 9.163750000000000000e+03
1.180000000000000000e+02 9.640750000000000000e+03
9.400000000000000000e+01 9.807100000000000364e+03
1.260000000000000000e+02 9.886100000000000364e+03
1.340000000000000000e+02 1.008655000000000109e+04
1.580000000000000000e+02 1.036035000000000036e+04
1.180000000000000000e+02 1.071335000000000036e+04
9.400000000000000000e+01 1.086575000000000000e+04
8.600000000000000000e+01 1.092764999999999964e+04
1.580000000000000000e+02 1.116550000000000000e+04
8.600000000000000000e+01 1.125900000000000000e+04
9.400000000000000000e+01 1.145855000000000109e+04
1.420000000000000000e+02 1.169195000000000073e+04
9.400000000000000000e+01 1.223010000000000036e+04
1.020000000000000000e+02 1.234175000000000000e+04
1.340000000000000000e+02 1.240985000000000036e+04
1.580000000000000000e+02 1.278989999999999964e+04
9.400000000000000000e+01 1.286870000000000073e+04
1.180000000000000000e+02 1.296880000000000109e+04
1.420000000000000000e+02 1.311430000000000109e+04
1.580000000000000000e+02 1.326495000000000073e+04
1.180000000000000000e+02 1.349595000000000073e+04
1.340000000000000000e+02 1.385710000000000036e+04
1.020000000000000000e+02 1.412520000000000073e+04
1.100000000000000000e+02 1.414280000000000109e+04
1.580000000000000000e+02 1.439314999999999964e+04
1.180000000000000000e+02 1.450055000000000109e+04
1.180000000000000000e+02 1.476600000000000000e+04
1.500000000000000000e+02 1.490655000000000109e+04
1.420000000000000000e+02 1.491125000000000000e+04
1.180000000000000000e+02 1.521160000000000036e+04
1.420000000000000000e+02 1.583670000000000073e+04
1.100000000000000000e+02 1.625305000000000109e+04
1.420000000000000000e+02 1.629185000000000036e+04
8.600000000000000000e+01 1.652640000000000146e+04
1.020000000000000000e+02 1.679929999999999927e+04
9.400000000000000000e+01 1.688690000000000146e+04
9.400000000000000000e+01 1.769079999999999927e+04
1.180000000000000000e+02 1.791395000000000073e+04
1.100000000000000000e+02 1.794590000000000146e+04
1.430000000000000000e+02 1.488499999999999943e+02
9.500000000000000000e+01 4.939499999999999886e+02
1.190000000000000000e+02 9.630000000000000000e+02
1.350000000000000000e+02 1.184250000000000000e+03
1.270000000000000000e+02 1.619500000000000000e+03
1.590000000000000000e+02 1.810200000000000045e+03
8.700000000000000000e+01 1.903350000000000136e+03
1.030000000000000000e+02 1.949750000000000000e+03
8.700000000000000000e+01 2.347200000000000273e+03
8.700000000000000000e+01 2.414900000000000091e+03
9.500000000000000000e+01 2.749450000000000273e+03
9.500000000000000000e+01 2.959550000000000182e+03
1.350000000000000000e+02 3.004550000000000182e+03
8.700000000000000000e+01 3.333800000000000182e+03
1.270000000000000000e+02 3.531300000000000182e+03
9.500000000000000000e+01 3.868050000000000182e+03
1.270000000000000000e+02 4.253750000000000000e+03
1.270000000000000000e+02 5.292449999999999818e+03
1.110000000000000000e+02 6.063500000000000000e+03
1.030000000000000000e+02 6.129199999999999818e+03
1.510000000000000000e+02 6.195449999999999818e+03
9.500000000000000000e+01 6.259350000000000364e+03
1.430000000000000000e+02 6.352300000000000182e+03
1.350000000000000000e+02 6.380350000000000364e+03
1.270000000000000000e+02 6.434300000000000182e+03
8.700000000000000000e+01 7.026100000000000364e+03
1.030000000000000000e+02 7.106150000000000546e+03
1.030000000000000000e+02 7.223850000000000364e+03
1.190000000000000000e+02 7.980550000000000182e+03
1.270000000000000000e+02 8.031699999999999818e+03
1.590000000000000000e+02 8.041550000000000182e+03
1.510000000000000000e+02 8.046650000000000546e+03
1.030000000000000000e+02 8.061150000000000546e+03
1.430000000000000000e+02 8.101949999999999818e+03
1.430000000000000000e+02 8.676799999999999272e+03
9.500000000000000000e+01 8.731950000000000728e+03
1.270000000000000000e+02 9.190450000000000728e+03
1.110000000000000000e+02 9.524850000000000364e+03
1.350000000000000000e+02 9.757750000000000000e+03
1.110000000000000000e+02 9.895050000000001091e+03
1.590000000000000000e+02 9.948300000000001091e+03
1.510000000000000000e+02 9.995800000000001091e+03
1.270000000000000000e+02 9.997100000000000364e+03
1.430000000000000000e+02 1.021570000000000073e+04
1.110000000000000000e+02 1.039555000000000109e+04
1.430000000000000000e+02 1.049795000000000073e+04
1.510000000000000000e+02 1.051464999999999964e+04
1.510000000000000000e+02 1.062105000000000109e+04
8.700000000000000000e+01 1.066039999999999964e+04
8.700000000000000000e+01 1.092825000000000000e+04
9.500000000000000000e+01 1.097950000000000000e+04
1.590000000000000000e+02 1.102760000000000036e+04
9.500000000000000000e+01 1.104245000000000073e+04
1.510000000000000000e+02 1.132355000000000109e+04
1.190000000000000000e+02 1.134714999999999964e+04
1.190000000000000000e+02 1.146370000000000073e+04
8.700000000000000000e+01 1.149414999999999964e+04
9.500000000000000000e+01 1.158089999999999964e+04
1.270000000000000000e+02 1.204450000000000000e+04
8.700000000000000000e+01 1.214470000000000073e+04
1.270000000000000000e+02 1.214470000000000073e+04
1.430000000000000000e+02 1.218870000000000073e+04
9.500000000000000000e+01 1.234035000000000036e+04
1.590000000000000000e+02 1.235485000000000036e+04
1.190000000000000000e+02 1.288470000000000073e+04
9.500000000000000000e+01 1.300025000000000000e+04
1.270000000000000000e+02 1.378255000000000109e+04
1.190000000000000000e+02 1.390270000000000073e+04
1.110000000000000000e+02 1.405635000000000036e+04
1.350000000000000000e+02 1.408305000000000109e+04
1.190000000000000000e+02 1.419414999999999964e+04
1.350000000000000000e+02 1.437250000000000000e+04
1.590000000000000000e+02 1.444105000000000109e+04
1.510000000000000000e+02 1.629264999999999964e+04
8.700000000000000000e+01 1.641995000000000073e+04
1.510000000000000000e+02 1.694759999999999854e+04
1.190000000000000000e+02 1.743950000000000000e+04
1.030000000000000000e+02 1.763085000000000218e+04
1.110000000000000000e+02 1.771754999999999927e+04
9.500000000000000000e+01 1.782675000000000000e+04
9.500000000000000000e+01 1.791525000000000000e+04
