2.560000000000000000e+02 1.000499999999999972e+02
3.200000000000000000e+02 4.269499999999999886e+02
3.200000000000000000e+02 6.293999999999999773e+02
2.480000000000000000e+02 6.993500000000000227e+02
2.880000000000000000e+02 9.260500000000000682e+02
2.880000000000000000e+02 1.193950000000000045e+03
2.960000000000000000e+02 1.495450000000000045e+03
3.200000000000000000e+02 1.496299999999999955e+03
3.040000000000000000e+02 1.774549999999999955e+03
2.960000000000000000e+02 1.783350000000000136e+03
2.560000000000000000e+02 1.905950000000000045e+03
2.560000000000000000e+02 1.961500000000000000e+03
2.560000000000000000e+02 2.252250000000000000e+03
2.720000000000000000e+02 2.268450000000000273e+03
3.120000000000000000e+02 2.273650000000000091e+03
3.200000000000000000e+02 2.289950000000000273e+03
2.640000000000000000e+02 2.727099999999999909e+03
3.120000000000000000e+02 3.493300000000000182e+03
3.200000000000000000e+02 4.411000000000000000e+03
2.560000000000000000e+02 5.751150000000000546e+03
2.640000000000000000e+02 6.244199999999999818e+03
2.720000000000000000e+02 6.266850000000000364e+03
3.040000000000000000e+02 6.697150000000000546e+03
2.880000000000000000e+02 6.898550000000000182e+03
3.200000000000000000e+02 7.092000000000000000e+03
2.720000000000000000e+02 7.093000000000000000e+03
3.120000000000000000e+02 7.279750000000000000e+03
3.200000000000000000e+02 7.357000000000000000e+03
2.720000000000000000e+02 7.626300000000000182e+03
3.040000000000000000e+02 7.766449999999999818e+03
2.640000000000000000e+02 7.892500000000000000e+03
3.200000000000000000e+02 8.087949999999999818e+03
2.560000000000000000e+02 8.193799999999999272e+03
2.720000000000000000e+02 8.417149999999999636e+03
3.040000000000000000e+02 8.570850000000000364e+03
2.880000000000000000e+02 8.680750000000000000e+03
2.880000000000000000e+02 9.112500000000000000e+03
2.960000000000000000e+02 9.195100000000000364e+03
2.960000000000000000e+02 9.695700000000000728e+03
2.720000000000000000e+02 9.710500000000000000e+03
3.120000000000000000e+02 9.850000000000000000e+03
2.800000000000000000e+02 9.936300000000001091e+03
2.720000000000000000e+02 9.991899999999999636e+03
2.960000000000000000e+02 1.060195000000000073e+04
2.640000000000000000e+02 1.082635000000000036e+04
3.200000000000000000e+02 1.093580000000000109e+04
2.640000000000000000e+02 1.179270000000000073e+04
2.480000000000000000e+02 1.183389999999999964e+04
2.640000000000000000e+02 1.184030000000000109e+04
3.040000000000000000e+02 1.196735000000000036e+04
2.880000000000000000e+02 1.197370000000000073e+04
3.120000000000000000e+02 1.204395000000000073e+04
3.120000000000000000e+02 1.216645000000000073e+04
2.640000000000000000e+02 1.230000000000000000e+04
2.480000000000000000e+02 1.234955000000000109e+04
3.200000000000000000e+02 1.289814999999999964e+04
2.480000000000000000e+02 1.322870000000000073e+04
3.120000000000000000e+02 1.327050000000000000e+04
3.200000000000000000e+02 1.332695000000000073e+04
2.480000000000000000e+02 1.334155000000000109e+04
2.560000000000000000e+02 1.338300000000000000e+04
2.640000000000000000e+02 1.357289999999999964e+04
3.120000000000000000e+02 1.364989999999999964e+04
2.800000000000000000e+02 1.370300000000000000e+04
3.040000000000000000e+02 1.389410000000000036e+04
2.640000000000000000e+02 1.390795000000000073e+04
2.480000000000000000e+02 1.399630000000000109e+04
2.640000000000000000e+02 1.413920000000000073e+04
3.040000000000000000e+02 1.426445000000000073e+04
2.480000000000000000e+02 1.428400000000000000e+04
2.960000000000000000e+02 1.466575000000000000e+04
2.560000000000000000e+02 1.487764999999999964e+04
2.480000000000000000e+02 1.503845000000000073e+04
2.720000000000000000e+02 1.508955000000000109e+04
2.560000000000000000e+02 1.546335000000000036e+04
3.200000000000000000e+02 1.560160000000000036e+04
2.640000000000000000e+02 1.581005000000000109e+04
2.800000000000000000e+02 1.625350000000000000e+04
2.720000000000000000e+02 1.697204999999999927e+04
2.720000000000000000e+02 1.708650000000000000e+04
2.880000000000000000e+02 1.711190000000000146e+04
3.120000000000000000e+02 1.712029999999999927e+04
3.040000000000000000e+02 1.712904999999999927e+04
3.120000000000000000e+02 1.749995000000000073e+04
2.960000000000000000e+02 1.779870000000000073e+04
2.570000000000000000e+02 3.559000000000000341e+02
2.810000000000000000e+02 4.739000000000000341e+02
3.050000000000000000e+02 6.448000000000000682e+02
3.210000000000000000e+02 7.321000000000000227e+02
3.050000000000000000e+02 1.045799999999999955e+03
2.570000000000000000e+02 1.051049999999999955e+03
2.970000000000000000e+02 1.176700000000000045e+03
2.890000000000000000e+02 1.280000000000000000e+03
3.130000000000000000e+02 1.413299999999999955e+03
3.130000000000000000e+02 1.577250000000000000e+03
2.890000000000000000e+02 1.687150000000000091e+03
2.650000000000000000e+02 1.994500000000000000e+03
2.890000000000000000e+02 2.677450000000000273e+03
2.970000000000000000e+02 2.710950000000000273e+03
2.890000000000000000e+02 3.385349999999999909e+03
2.970000000000000000e+02 3.499800000000000182e+03
2.650000000000000000e+02 5.347650000000000546e+03
3.050000000000000000e+02 7.343150000000000546e+03
3.130000000000000000e+02 7.646449999999999818e+03
2.490000000000000000e+02 7.914800000000000182e+03
3.130000000000000000e+02 7.995600000000000364e+03
2.490000000000000000e+02 8.568250000000000000e+03
2.650000000000000000e+02 8.618000000000000000e+03
2.810000000000000000e+02 9.152000000000000000e+03
2.650000000000000000e+02 9.499750000000000000e+03
3.210000000000000000e+02 9.581950000000000728e+03
2.650000000000000000e+02 9.703149999999999636e+03
2.730000000000000000e+02 9.833149999999999636e+03
2.490000000000000000e+02 9.847399999999999636e+03
2.890000000000000000e+02 9.998850000000000364e+03
2.890000000000000000e+02 1.012889999999999964e+04
3.130000000000000000e+02 1.013160000000000036e+04
2.970000000000000000e+02 1.018775000000000000e+04
2.490000000000000000e+02 1.077064999999999964e+04
2.890000000000000000e+02 1.079639999999999964e+04
2.810000000000000000e+02 1.087714999999999964e+04
3.210000000000000000e+02 1.097685000000000036e+04
2.650000000000000000e+02 1.151070000000000073e+04
3.210000000000000000e+02 1.163914999999999964e+04
3.130000000000000000e+02 1.171950000000000000e+04
2.490000000000000000e+02 1.201505000000000109e+04
3.050000000000000000e+02 1.208414999999999964e+04
2.730000000000000000e+02 1.218889999999999964e+04
2.730000000000000000e+02 1.226775000000000000e+04
2.490000000000000000e+02 1.239675000000000000e+04
2.890000000000000000e+02 1.250989999999999964e+04
2.650000000000000000e+02 1.252625000000000000e+04
3.130000000000000000e+02 1.274264999999999964e+04
3.130000000000000000e+02 1.281605000000000109e+04
2.890000000000000000e+02 1.289160000000000036e+04
3.050000000000000000e+02 1.296370000000000073e+04
2.490000000000000000e+02 1.299625000000000000e+04
3.050000000000000000e+02 1.363645000000000073e+04
2.890000000000000000e+02 1.378064999999999964e+04
3.050000000000000000e+02 1.379445000000000073e+04
2.730000000000000000e+02 1.384635000000000036e+04
2.810000000000000000e+02 1.441014999999999964e+04
3.130000000000000000e+02 1.571595000000000073e+04
2.730000000000000000e+02 1.580855000000000109e+04
3.050000000000000000e+02 1.589200000000000000e+04
2.650000000000000000e+02 1.612239999999999964e+04
2.890000000000000000e+02 1.657679999999999927e+04
2.730000000000000000e+02 1.664859999999999854e+04
2.810000000000000000e+02 1.688845000000000073e+04
2.650000000000000000e+02 1.717220000000000073e+04
2.890000000000000000e+02 1.755200000000000000e+04
3.210000000000000000e+02 1.782785000000000218e+04
2.500000000000000000e+02 1.999000000000000057e+02
2.980000000000000000e+02 3.394000000000000341e+02
3.140000000000000000e+02 5.235000000000000000e+02
2.500000000000000000e+02 5.886499999999999773e+02
3.140000000000000000e+02 7.781000000000000227e+02
2.500000000000000000e+02 9.779500000000000455e+02
3.060000000000000000e+02 1.188850000000000136e+03
2.580000000000000000e+02 1.340950000000000045e+03
2.660000000000000000e+02 1.959850000000000136e+03
2.900000000000000000e+02 2.268950000000000273e+03
3.060000000000000000e+02 2.354950000000000273e+03
2.660000000000000000e+02 2.669300000000000182e+03
2.900000000000000000e+02 2.857550000000000182e+03
2.420000000000000000e+02 3.109750000000000000e+03
2.980000000000000000e+02 3.370150000000000091e+03
2.980000000000000000e+02 4.121250000000000000e+03
3.140000000000000000e+02 4.430900000000000546e+03
2.820000000000000000e+02 4.457400000000000546e+03
2.740000000000000000e+02 5.081100000000000364e+03
2.420000000000000000e+02 5.509500000000000000e+03
2.980000000000000000e+02 5.605400000000000546e+03
2.500000000000000000e+02 5.971550000000000182e+03
2.420000000000000000e+02 6.058900000000000546e+03
2.580000000000000000e+02 6.138250000000000000e+03
3.140000000000000000e+02 6.291350000000000364e+03
2.820000000000000000e+02 7.128000000000000000e+03
2.420000000000000000e+02 7.466449999999999818e+03
2.420000000000000000e+02 7.626150000000000546e+03
2.420000000000000000e+02 7.719750000000000000e+03
2.820000000000000000e+02 7.958400000000000546e+03
2.980000000000000000e+02 8.014850000000000364e+03
2.660000000000000000e+02 8.276899999999999636e+03
2.740000000000000000e+02 8.432549999999999272e+03
2.980000000000000000e+02 8.618600000000000364e+03
2.420000000000000000e+02 9.393550000000001091e+03
2.580000000000000000e+02 9.543899999999999636e+03
2.660000000000000000e+02 9.622750000000000000e+03
2.420000000000000000e+02 9.666600000000000364e+03
2.660000000000000000e+02 9.977550000000001091e+03
2.420000000000000000e+02 1.020430000000000109e+04
2.500000000000000000e+02 1.030939999999999964e+04
2.740000000000000000e+02 1.032539999999999964e+04
2.980000000000000000e+02 1.032539999999999964e+04
2.580000000000000000e+02 1.032555000000000109e+04
3.140000000000000000e+02 1.044330000000000109e+04
2.820000000000000000e+02 1.072110000000000036e+04
3.140000000000000000e+02 1.095235000000000036e+04
2.660000000000000000e+02 1.099455000000000109e+04
2.740000000000000000e+02 1.151764999999999964e+04
2.420000000000000000e+02 1.159110000000000036e+04
2.900000000000000000e+02 1.179530000000000109e+04
2.660000000000000000e+02 1.202980000000000109e+04
2.820000000000000000e+02 1.212339999999999964e+04
2.820000000000000000e+02 1.232060000000000036e+04
2.420000000000000000e+02 1.311520000000000073e+04
2.660000000000000000e+02 1.326060000000000036e+04
2.420000000000000000e+02 1.327039999999999964e+04
2.580000000000000000e+02 1.327060000000000036e+04
2.500000000000000000e+02 1.374539999999999964e+04
2.660000000000000000e+02 1.419095000000000073e+04
2.500000000000000000e+02 1.423330000000000109e+04
2.980000000000000000e+02 1.426120000000000073e+04
2.660000000000000000e+02 1.438625000000000000e+04
2.660000000000000000e+02 1.462325000000000000e+04
2.900000000000000000e+02 1.463575000000000000e+04
2.820000000000000000e+02 1.477585000000000036e+04
2.660000000000000000e+02 1.484305000000000109e+04
3.140000000000000000e+02 1.501764999999999964e+04
2.420000000000000000e+02 1.554914999999999964e+04
2.580000000000000000e+02 1.580914999999999964e+04
2.820000000000000000e+02 1.608275000000000000e+04
2.820000000000000000e+02 1.614030000000000109e+04
3.060000000000000000e+02 1.629320000000000073e+04
2.980000000000000000e+02 1.646365000000000146e+04
2.820000000000000000e+02 1.696079999999999927e+04
3.060000000000000000e+02 1.725670000000000073e+04
2.820000000000000000e+02 1.797654999999999927e+04
3.150000000000000000e+02 1.184500000000000028e+02
2.830000000000000000e+02 1.231500000000000057e+02
2.910000000000000000e+02 2.805500000000000114e+02
2.830000000000000000e+02 3.446999999999999886e+02
2.910000000000000000e+02 9.473999999999999773e+02
2.830000000000000000e+02 1.072799999999999955e+03
3.150000000000000000e+02 1.102049999999999955e+03
2.750000000000000000e+02 1.116850000000000136e+03
2.590000000000000000e+02 1.174200000000000045e+03
2.670000000000000000e+02 1.182299999999999955e+03
2.510000000000000000e+02 1.266650000000000091e+03
3.070000000000000000e+02 1.465000000000000000e+03
3.150000000000000000e+02 1.521750000000000000e+03
2.670000000000000000e+02 1.626700000000000045e+03
3.150000000000000000e+02 1.668400000000000091e+03
2.510000000000000000e+02 1.693900000000000091e+03
2.830000000000000000e+02 1.696100000000000136e+03
2.590000000000000000e+02 1.710799999999999955e+03
2.590000000000000000e+02 2.185550000000000182e+03
2.670000000000000000e+02 2.193050000000000182e+03
2.670000000000000000e+02 2.704750000000000000e+03
3.150000000000000000e+02 2.880700000000000273e+03
2.430000000000000000e+02 3.064450000000000273e+03
2.430000000000000000e+02 3.775349999999999909e+03
2.670000000000000000e+02 3.968400000000000091e+03
2.990000000000000000e+02 4.034450000000000273e+03
2.990000000000000000e+02 4.172000000000000000e+03
2.670000000000000000e+02 4.253000000000000000e+03
3.070000000000000000e+02 5.847400000000000546e+03
3.070000000000000000e+02 6.404600000000000364e+03
2.430000000000000000e+02 6.474800000000000182e+03
2.430000000000000000e+02 6.591850000000000364e+03
3.070000000000000000e+02 6.868600000000000364e+03
3.150000000000000000e+02 6.869150000000000546e+03
2.670000000000000000e+02 7.040750000000000000e+03
2.990000000000000000e+02 7.089750000000000000e+03
3.070000000000000000e+02 7.139800000000000182e+03
2.430000000000000000e+02 7.382750000000000000e+03
3.150000000000000000e+02 7.443150000000000546e+03
3.070000000000000000e+02 7.701100000000000364e+03
2.830000000000000000e+02 7.760000000000000000e+03
3.070000000000000000e+02 8.063050000000000182e+03
2.590000000000000000e+02 8.065949999999999818e+03
3.150000000000000000e+02 8.654149999999999636e+03
2.910000000000000000e+02 9.389200000000000728e+03
3.070000000000000000e+02 9.501399999999999636e+03
2.590000000000000000e+02 9.977450000000000728e+03
2.830000000000000000e+02 9.988300000000001091e+03
2.670000000000000000e+02 1.026400000000000000e+04
2.510000000000000000e+02 1.028289999999999964e+04
2.990000000000000000e+02 1.029039999999999964e+04
2.510000000000000000e+02 1.073435000000000036e+04
2.910000000000000000e+02 1.078960000000000036e+04
3.150000000000000000e+02 1.094545000000000073e+04
2.910000000000000000e+02 1.114470000000000073e+04
3.150000000000000000e+02 1.125114999999999964e+04
3.150000000000000000e+02 1.134650000000000000e+04
2.990000000000000000e+02 1.136605000000000109e+04
2.430000000000000000e+02 1.246310000000000036e+04
2.430000000000000000e+02 1.265435000000000036e+04
2.990000000000000000e+02 1.278750000000000000e+04
2.590000000000000000e+02 1.281610000000000036e+04
2.590000000000000000e+02 1.299105000000000109e+04
2.430000000000000000e+02 1.337714999999999964e+04
2.590000000000000000e+02 1.357485000000000036e+04
2.830000000000000000e+02 1.360630000000000109e+04
2.510000000000000000e+02 1.364675000000000000e+04
2.670000000000000000e+02 1.366364999999999964e+04
2.510000000000000000e+02 1.441595000000000073e+04
2.510000000000000000e+02 1.477420000000000073e+04
2.430000000000000000e+02 1.483925000000000000e+04
2.670000000000000000e+02 1.550505000000000109e+04
2.990000000000000000e+02 1.584139999999999964e+04
3.070000000000000000e+02 1.584605000000000109e+04
3.150000000000000000e+02 1.588625000000000000e+04
2.750000000000000000e+02 1.600439999999999964e+04
2.590000000000000000e+02 1.713784999999999854e+04
2.430000000000000000e+02 1.730775000000000000e+04
2.830000000000000000e+02 1.731765000000000146e+04
2.590000000000000000e+02 1.745420000000000073e+04
2.510000000000000000e+02 1.775704999999999927e+04
2.600000000000000000e+02 1.498000000000000114e+02
3.000000000000000000e+02 1.824000000000000057e+02
2.680000000000000000e+02 1.922000000000000171e+02
2.920000000000000000e+02 2.866000000000000227e+02
3.000000000000000000e+02 3.175000000000000000e+02
2.440000000000000000e+02 3.599499999999999886e+02
2.440000000000000000e+02 5.952500000000000000e+02
2.920000000000000000e+02 7.902500000000000000e+02
2.520000000000000000e+02 7.992500000000000000e+02
3.080000000000000000e+02 8.105500000000000682e+02
2.840000000000000000e+02 1.180600000000000136e+03
2.760000000000000000e+02 1.940600000000000136e+03
2.440000000000000000e+02 2.312849999999999909e+03
3.000000000000000000e+02 2.326250000000000000e+03
2.600000000000000000e+02 2.527500000000000000e+03
2.840000000000000000e+02 2.668800000000000182e+03
2.600000000000000000e+02 2.692250000000000000e+03
2.840000000000000000e+02 2.725000000000000000e+03
2.840000000000000000e+02 3.042599999999999909e+03
2.600000000000000000e+02 3.122150000000000091e+03
2.840000000000000000e+02 3.471849999999999909e+03
2.440000000000000000e+02 5.083449999999999818e+03
2.680000000000000000e+02 5.452949999999999818e+03
2.600000000000000000e+02 6.127100000000000364e+03
2.760000000000000000e+02 6.215199999999999818e+03
2.920000000000000000e+02 6.462800000000000182e+03
2.920000000000000000e+02 6.574699999999999818e+03
2.920000000000000000e+02 7.088000000000000000e+03
2.920000000000000000e+02 7.301000000000000000e+03
2.680000000000000000e+02 7.430350000000000364e+03
3.160000000000000000e+02 7.732800000000000182e+03
2.680000000000000000e+02 8.088949999999999818e+03
2.440000000000000000e+02 8.142800000000000182e+03
2.440000000000000000e+02 8.281299999999999272e+03
3.080000000000000000e+02 8.678799999999999272e+03
2.520000000000000000e+02 8.714549999999999272e+03
3.080000000000000000e+02 8.818950000000000728e+03
2.840000000000000000e+02 9.172700000000000728e+03
2.440000000000000000e+02 9.309649999999999636e+03
3.000000000000000000e+02 9.395750000000000000e+03
3.160000000000000000e+02 9.884850000000000364e+03
2.520000000000000000e+02 1.040905000000000109e+04
2.920000000000000000e+02 1.049635000000000036e+04
2.840000000000000000e+02 1.052410000000000036e+04
2.680000000000000000e+02 1.069314999999999964e+04
2.680000000000000000e+02 1.119485000000000036e+04
2.520000000000000000e+02 1.125585000000000036e+04
2.760000000000000000e+02 1.180600000000000000e+04
3.080000000000000000e+02 1.247385000000000036e+04
2.440000000000000000e+02 1.249985000000000036e+04
2.840000000000000000e+02 1.304395000000000073e+04
2.520000000000000000e+02 1.395450000000000000e+04
2.840000000000000000e+02 1.396120000000000073e+04
2.840000000000000000e+02 1.427895000000000073e+04
2.600000000000000000e+02 1.429964999999999964e+04
2.760000000000000000e+02 1.437910000000000036e+04
2.680000000000000000e+02 1.458035000000000036e+04
2.440000000000000000e+02 1.462780000000000109e+04
2.600000000000000000e+02 1.464695000000000073e+04
2.840000000000000000e+02 1.482980000000000109e+04
3.080000000000000000e+02 1.512035000000000036e+04
2.600000000000000000e+02 1.531139999999999964e+04
2.680000000000000000e+02 1.534675000000000000e+04
3.000000000000000000e+02 1.559695000000000073e+04
3.160000000000000000e+02 1.580380000000000109e+04
2.600000000000000000e+02 1.590714999999999964e+04
2.760000000000000000e+02 1.598460000000000036e+04
3.000000000000000000e+02 1.601760000000000036e+04
2.920000000000000000e+02 1.605360000000000036e+04
2.760000000000000000e+02 1.630560000000000036e+04
2.680000000000000000e+02 1.636205000000000109e+04
2.840000000000000000e+02 1.649279999999999927e+04
2.840000000000000000e+02 1.663540000000000146e+04
2.440000000000000000e+02 1.670829999999999927e+04
2.440000000000000000e+02 1.677575000000000000e+04
2.440000000000000000e+02 1.703800000000000000e+04
2.520000000000000000e+02 1.755445000000000073e+04
3.080000000000000000e+02 1.771379999999999927e+04
2.840000000000000000e+02 1.772565000000000146e+04
2.530000000000000000e+02 1.284000000000000057e+02
2.850000000000000000e+02 5.083500000000000227e+02
3.170000000000000000e+02 5.857000000000000455e+02
2.450000000000000000e+02 6.536499999999999773e+02
2.770000000000000000e+02 7.448999999999999773e+02
3.090000000000000000e+02 8.092000000000000455e+02
2.690000000000000000e+02 1.441799999999999955e+03
3.170000000000000000e+02 1.642299999999999955e+03
2.450000000000000000e+02 1.736500000000000000e+03
2.770000000000000000e+02 1.947750000000000000e+03
3.010000000000000000e+02 2.483300000000000182e+03
2.450000000000000000e+02 2.488150000000000091e+03
2.530000000000000000e+02 2.884849999999999909e+03
2.610000000000000000e+02 4.073700000000000273e+03
2.450000000000000000e+02 4.442400000000000546e+03
3.010000000000000000e+02 6.137400000000000546e+03
2.610000000000000000e+02 6.317949999999999818e+03
3.010000000000000000e+02 6.334150000000000546e+03
3.170000000000000000e+02 6.379949999999999818e+03
2.610000000000000000e+02 6.528199999999999818e+03
2.450000000000000000e+02 7.235150000000000546e+03
2.690000000000000000e+02 7.468550000000000182e+03
2.530000000000000000e+02 7.660949999999999818e+03
3.090000000000000000e+02 7.771800000000000182e+03
2.770000000000000000e+02 7.824100000000000364e+03
2.610000000000000000e+02 8.168500000000000000e+03
2.770000000000000000e+02 8.345000000000000000e+03
2.450000000000000000e+02 8.501700000000000728e+03
2.850000000000000000e+02 8.535200000000000728e+03
2.450000000000000000e+02 8.582899999999999636e+03
3.090000000000000000e+02 9.144100000000000364e+03
2.770000000000000000e+02 9.993850000000000364e+03
2.610000000000000000e+02 1.017150000000000000e+04
2.530000000000000000e+02 1.052420000000000073e+04
3.170000000000000000e+02 1.057725000000000000e+04
2.450000000000000000e+02 1.062485000000000036e+04
2.530000000000000000e+02 1.073495000000000073e+04
2.850000000000000000e+02 1.084900000000000000e+04
3.090000000000000000e+02 1.085380000000000109e+04
2.610000000000000000e+02 1.105960000000000036e+04
3.010000000000000000e+02 1.132660000000000036e+04
3.170000000000000000e+02 1.142530000000000109e+04
2.530000000000000000e+02 1.168845000000000073e+04
3.010000000000000000e+02 1.176780000000000109e+04
3.170000000000000000e+02 1.204245000000000073e+04
2.850000000000000000e+02 1.222935000000000036e+04
2.850000000000000000e+02 1.256414999999999964e+04
2.530000000000000000e+02 1.298730000000000109e+04
2.930000000000000000e+02 1.330455000000000109e+04
2.450000000000000000e+02 1.332314999999999964e+04
3.170000000000000000e+02 1.338745000000000073e+04
2.770000000000000000e+02 1.370160000000000036e+04
3.170000000000000000e+02 1.372100000000000000e+04
2.530000000000000000e+02 1.383935000000000036e+04
3.010000000000000000e+02 1.406114999999999964e+04
2.450000000000000000e+02 1.408500000000000000e+04
2.610000000000000000e+02 1.419205000000000109e+04
2.930000000000000000e+02 1.477880000000000109e+04
2.930000000000000000e+02 1.488325000000000000e+04
2.690000000000000000e+02 1.491925000000000000e+04
2.690000000000000000e+02 1.528710000000000036e+04
2.530000000000000000e+02 1.529575000000000000e+04
2.850000000000000000e+02 1.556405000000000109e+04
2.530000000000000000e+02 1.584495000000000073e+04
2.850000000000000000e+02 1.598080000000000109e+04
3.090000000000000000e+02 1.601039999999999964e+04
2.450000000000000000e+02 1.640445000000000073e+04
3.090000000000000000e+02 1.658584999999999854e+04
3.170000000000000000e+02 1.668054999999999927e+04
2.850000000000000000e+02 1.683659999999999854e+04
2.610000000000000000e+02 1.755179999999999927e+04
2.940000000000000000e+02 1.684000000000000057e+02
3.180000000000000000e+02 3.831000000000000227e+02
2.620000000000000000e+02 6.220000000000000000e+02
3.180000000000000000e+02 8.619500000000000455e+02
2.620000000000000000e+02 1.072849999999999909e+03
2.860000000000000000e+02 1.086150000000000091e+03
2.940000000000000000e+02 1.098200000000000045e+03
2.540000000000000000e+02 1.107700000000000045e+03
2.540000000000000000e+02 1.180450000000000045e+03
3.100000000000000000e+02 1.195600000000000136e+03
2.620000000000000000e+02 1.613950000000000045e+03
2.700000000000000000e+02 1.954799999999999955e+03
2.700000000000000000e+02 2.013299999999999955e+03
3.180000000000000000e+02 2.043600000000000136e+03
2.780000000000000000e+02 2.101900000000000091e+03
2.860000000000000000e+02 2.286300000000000182e+03
3.020000000000000000e+02 2.719550000000000182e+03
2.940000000000000000e+02 2.720900000000000091e+03
3.020000000000000000e+02 2.844700000000000273e+03
2.700000000000000000e+02 2.888849999999999909e+03
2.940000000000000000e+02 3.339400000000000091e+03
2.540000000000000000e+02 3.427950000000000273e+03
3.020000000000000000e+02 3.915200000000000273e+03
2.780000000000000000e+02 4.092150000000000091e+03
3.020000000000000000e+02 4.329149999999999636e+03
3.020000000000000000e+02 4.676150000000000546e+03
2.780000000000000000e+02 5.286699999999999818e+03
3.180000000000000000e+02 6.869750000000000000e+03
2.540000000000000000e+02 6.963250000000000000e+03
2.700000000000000000e+02 6.987150000000000546e+03
2.700000000000000000e+02 7.169750000000000000e+03
2.940000000000000000e+02 7.472000000000000000e+03
2.860000000000000000e+02 7.729350000000000364e+03
2.940000000000000000e+02 7.852949999999999818e+03
2.940000000000000000e+02 7.995850000000000364e+03
3.100000000000000000e+02 8.135699999999999818e+03
2.940000000000000000e+02 8.320049999999999272e+03
3.020000000000000000e+02 8.327450000000000728e+03
2.460000000000000000e+02 8.491750000000000000e+03
2.540000000000000000e+02 8.520750000000000000e+03
2.460000000000000000e+02 8.602450000000000728e+03
2.540000000000000000e+02 8.830700000000000728e+03
2.620000000000000000e+02 8.895700000000000728e+03
2.620000000000000000e+02 9.161000000000000000e+03
2.460000000000000000e+02 9.188899999999999636e+03
2.860000000000000000e+02 9.210250000000000000e+03
3.020000000000000000e+02 9.213250000000000000e+03
2.780000000000000000e+02 9.364600000000000364e+03
2.700000000000000000e+02 9.420300000000001091e+03
2.860000000000000000e+02 1.039925000000000000e+04
2.780000000000000000e+02 1.082614999999999964e+04
2.780000000000000000e+02 1.152180000000000109e+04
3.100000000000000000e+02 1.168035000000000036e+04
2.460000000000000000e+02 1.169264999999999964e+04
3.020000000000000000e+02 1.173650000000000000e+04
2.540000000000000000e+02 1.215600000000000000e+04
3.180000000000000000e+02 1.241614999999999964e+04
2.540000000000000000e+02 1.242839999999999964e+04
2.860000000000000000e+02 1.266000000000000000e+04
2.860000000000000000e+02 1.276960000000000036e+04
3.100000000000000000e+02 1.291245000000000073e+04
2.620000000000000000e+02 1.306385000000000036e+04
2.460000000000000000e+02 1.315530000000000109e+04
2.780000000000000000e+02 1.324385000000000036e+04
3.180000000000000000e+02 1.354580000000000109e+04
3.020000000000000000e+02 1.386375000000000000e+04
2.700000000000000000e+02 1.390585000000000036e+04
2.620000000000000000e+02 1.395189999999999964e+04
3.100000000000000000e+02 1.427785000000000036e+04
2.620000000000000000e+02 1.453770000000000073e+04
3.100000000000000000e+02 1.473785000000000036e+04
2.860000000000000000e+02 1.481770000000000073e+04
2.620000000000000000e+02 1.484760000000000036e+04
2.460000000000000000e+02 1.569630000000000109e+04
2.540000000000000000e+02 1.572025000000000000e+04
2.940000000000000000e+02 1.579905000000000109e+04
2.940000000000000000e+02 1.596580000000000109e+04
2.700000000000000000e+02 1.598425000000000000e+04
2.540000000000000000e+02 1.603914999999999964e+04
2.620000000000000000e+02 1.614300000000000000e+04
3.180000000000000000e+02 1.615220000000000073e+04
3.100000000000000000e+02 1.616355000000000109e+04
3.180000000000000000e+02 1.626189999999999964e+04
2.860000000000000000e+02 1.663220000000000073e+04
3.020000000000000000e+02 1.682895000000000073e+04
2.780000000000000000e+02 1.706129999999999927e+04
2.860000000000000000e+02 1.745295000000000073e+04
3.180000000000000000e+02 1.747004999999999927e+04
2.940000000000000000e+02 1.755010000000000218e+04
2.870000000000000000e+02 1.721500000000000057e+02
2.470000000000000000e+02 3.825500000000000114e+02
2.870000000000000000e+02 4.712500000000000000e+02
3.110000000000000000e+02 8.244500000000000455e+02
3.030000000000000000e+02 9.818000000000000682e+02
2.870000000000000000e+02 1.788400000000000091e+03
2.470000000000000000e+02 1.859900000000000091e+03
2.630000000000000000e+02 2.192599999999999909e+03
2.870000000000000000e+02 2.832050000000000182e+03
2.870000000000000000e+02 3.064300000000000182e+03
2.790000000000000000e+02 4.142649999999999636e+03
2.550000000000000000e+02 4.901699999999999818e+03
2.790000000000000000e+02 5.543100000000000364e+03
2.630000000000000000e+02 6.574000000000000000e+03
2.550000000000000000e+02 6.664250000000000000e+03
3.190000000000000000e+02 6.687050000000000182e+03
2.550000000000000000e+02 7.262300000000000182e+03
3.190000000000000000e+02 7.317000000000000000e+03
3.110000000000000000e+02 7.816100000000000364e+03
2.870000000000000000e+02 8.351299999999999272e+03
2.630000000000000000e+02 8.546649999999999636e+03
2.630000000000000000e+02 8.799000000000000000e+03
3.110000000000000000e+02 8.904149999999999636e+03
2.630000000000000000e+02 8.927000000000000000e+03
3.030000000000000000e+02 8.943100000000000364e+03
2.710000000000000000e+02 8.954250000000000000e+03
2.630000000000000000e+02 9.003500000000000000e+03
2.870000000000000000e+02 9.744500000000000000e+03
2.950000000000000000e+02 9.948149999999999636e+03
3.110000000000000000e+02 1.020870000000000073e+04
2.630000000000000000e+02 1.045289999999999964e+04
3.190000000000000000e+02 1.069360000000000036e+04
2.550000000000000000e+02 1.136185000000000036e+04
3.030000000000000000e+02 1.142139999999999964e+04
2.630000000000000000e+02 1.156114999999999964e+04
2.950000000000000000e+02 1.166925000000000000e+04
2.950000000000000000e+02 1.228689999999999964e+04
2.550000000000000000e+02 1.242595000000000073e+04
3.190000000000000000e+02 1.263230000000000109e+04
2.870000000000000000e+02 1.298539999999999964e+04
2.470000000000000000e+02 1.302289999999999964e+04
2.870000000000000000e+02 1.392180000000000109e+04
2.550000000000000000e+02 1.392545000000000073e+04
2.950000000000000000e+02 1.417685000000000036e+04
3.030000000000000000e+02 1.429275000000000000e+04
2.710000000000000000e+02 1.452920000000000073e+04
2.470000000000000000e+02 1.461150000000000000e+04
2.470000000000000000e+02 1.474789999999999964e+04
3.030000000000000000e+02 1.502810000000000036e+04
2.950000000000000000e+02 1.507995000000000073e+04
3.110000000000000000e+02 1.513695000000000073e+04
2.550000000000000000e+02 1.529305000000000109e+04
2.550000000000000000e+02 1.606795000000000073e+04
3.030000000000000000e+02 1.632325000000000000e+04
3.110000000000000000e+02 1.642395000000000073e+04
2.630000000000000000e+02 1.678009999999999854e+04
2.630000000000000000e+02 1.711859999999999854e+04
2.870000000000000000e+02 1.762385000000000218e+04
2.470000000000000000e+02 1.770920000000000073e+04
3.190000000000000000e+02 1.777465000000000146e+04
