3.760000000000000000e+02 2.029500000000000171e+02
3.840000000000000000e+02 4.977500000000000000e+02
3.280000000000000000e+02 6.567500000000000000e+02
3.600000000000000000e+02 6.997500000000000000e+02
3.760000000000000000e+02 7.564500000000000455e+02
3.600000000000000000e+02 8.247000000000000455e+02
3.520000000000000000e+02 8.436000000000000227e+02
3.760000000000000000e+02 8.695500000000000682e+02
4.000000000000000000e+02 9.916000000000000227e+02
3.680000000000000000e+02 1.176400000000000091e+03
3.520000000000000000e+02 1.264549999999999955e+03
3.760000000000000000e+02 1.383650000000000091e+03
3.440000000000000000e+02 1.451250000000000000e+03
3.360000000000000000e+02 1.836600000000000136e+03
4.000000000000000000e+02 2.257750000000000000e+03
3.440000000000000000e+02 2.555150000000000091e+03
3.280000000000000000e+02 3.162250000000000000e+03
3.280000000000000000e+02 3.565250000000000000e+03
3.280000000000000000e+02 3.840750000000000000e+03
3.680000000000000000e+02 3.859900000000000091e+03
3.520000000000000000e+02 4.066200000000000273e+03
3.680000000000000000e+02 6.275600000000000364e+03
3.920000000000000000e+02 6.570600000000000364e+03
3.840000000000000000e+02 6.912250000000000000e+03
3.680000000000000000e+02 6.944350000000000364e+03
3.280000000000000000e+02 7.192000000000000000e+03
4.000000000000000000e+02 7.853350000000000364e+03
3.840000000000000000e+02 7.890199999999999818e+03
3.840000000000000000e+02 8.554149999999999636e+03
3.840000000000000000e+02 8.603950000000000728e+03
3.600000000000000000e+02 8.613500000000000000e+03
3.760000000000000000e+02 8.815800000000001091e+03
3.600000000000000000e+02 8.875750000000000000e+03
3.680000000000000000e+02 8.937450000000000728e+03
3.840000000000000000e+02 9.142750000000000000e+03
3.680000000000000000e+02 9.157649999999999636e+03
3.360000000000000000e+02 9.757350000000000364e+03
3.520000000000000000e+02 1.009670000000000073e+04
3.920000000000000000e+02 1.038839999999999964e+04
3.680000000000000000e+02 1.072405000000000109e+04
3.760000000000000000e+02 1.101345000000000073e+04
3.920000000000000000e+02 1.144430000000000109e+04
4.000000000000000000e+02 1.165170000000000073e+04
3.280000000000000000e+02 1.204239999999999964e+04
3.360000000000000000e+02 1.226739999999999964e+04
3.520000000000000000e+02 1.232900000000000000e+04
3.840000000000000000e+02 1.243195000000000073e+04
3.920000000000000000e+02 1.325014999999999964e+04
4.000000000000000000e+02 1.327330000000000109e+04
3.680000000000000000e+02 1.335245000000000073e+04
3.760000000000000000e+02 1.354730000000000109e+04
3.680000000000000000e+02 1.386305000000000109e+04
3.360000000000000000e+02 1.420139999999999964e+04
3.520000000000000000e+02 1.463485000000000036e+04
3.280000000000000000e+02 1.480930000000000109e+04
3.920000000000000000e+02 1.482825000000000000e+04
3.680000000000000000e+02 1.515110000000000036e+04
3.280000000000000000e+02 1.549510000000000036e+04
3.360000000000000000e+02 1.566610000000000036e+04
3.680000000000000000e+02 1.581445000000000073e+04
3.920000000000000000e+02 1.610805000000000109e+04
3.680000000000000000e+02 1.627470000000000073e+04
3.680000000000000000e+02 1.638350000000000000e+04
3.440000000000000000e+02 1.651354999999999927e+04
3.920000000000000000e+02 1.696770000000000073e+04
3.360000000000000000e+02 1.734954999999999927e+04
3.520000000000000000e+02 1.746815000000000146e+04
3.760000000000000000e+02 1.753679999999999927e+04
3.440000000000000000e+02 1.775254999999999927e+04
3.450000000000000000e+02 3.140500000000000114e+02
3.610000000000000000e+02 3.283500000000000227e+02
3.930000000000000000e+02 6.036000000000000227e+02
3.530000000000000000e+02 6.293000000000000682e+02
3.770000000000000000e+02 6.786499999999999773e+02
3.530000000000000000e+02 7.947500000000000000e+02
3.370000000000000000e+02 9.878000000000000682e+02
3.690000000000000000e+02 1.079849999999999909e+03
3.850000000000000000e+02 1.114900000000000091e+03
3.930000000000000000e+02 1.287850000000000136e+03
3.930000000000000000e+02 1.382900000000000091e+03
3.290000000000000000e+02 1.526450000000000045e+03
3.370000000000000000e+02 1.546100000000000136e+03
3.290000000000000000e+02 1.662950000000000045e+03
3.530000000000000000e+02 1.690049999999999955e+03
4.010000000000000000e+02 1.695299999999999955e+03
3.690000000000000000e+02 1.883150000000000091e+03
3.770000000000000000e+02 2.052650000000000091e+03
3.770000000000000000e+02 2.532599999999999909e+03
3.530000000000000000e+02 2.779450000000000273e+03
3.290000000000000000e+02 2.843300000000000182e+03
3.770000000000000000e+02 3.301450000000000273e+03
3.530000000000000000e+02 4.081550000000000182e+03
3.530000000000000000e+02 4.329500000000000000e+03
3.850000000000000000e+02 6.315949999999999818e+03
3.930000000000000000e+02 6.593100000000000364e+03
3.530000000000000000e+02 6.691150000000000546e+03
3.930000000000000000e+02 7.140949999999999818e+03
3.930000000000000000e+02 7.386400000000000546e+03
3.450000000000000000e+02 7.538250000000000000e+03
3.610000000000000000e+02 7.679550000000000182e+03
3.690000000000000000e+02 7.759150000000000546e+03
3.690000000000000000e+02 7.982050000000000182e+03
3.850000000000000000e+02 8.081350000000000364e+03
4.010000000000000000e+02 8.297899999999999636e+03
3.450000000000000000e+02 8.332350000000000364e+03
3.770000000000000000e+02 8.390750000000000000e+03
3.930000000000000000e+02 8.577299999999999272e+03
3.850000000000000000e+02 8.605200000000000728e+03
3.450000000000000000e+02 8.766700000000000728e+03
3.610000000000000000e+02 8.812800000000001091e+03
4.010000000000000000e+02 9.002399999999999636e+03
3.850000000000000000e+02 9.019750000000000000e+03
3.530000000000000000e+02 9.327000000000000000e+03
3.370000000000000000e+02 9.374550000000001091e+03
3.690000000000000000e+02 9.414750000000000000e+03
3.610000000000000000e+02 9.736300000000001091e+03
3.530000000000000000e+02 9.823550000000001091e+03
3.930000000000000000e+02 1.013600000000000000e+04
3.370000000000000000e+02 1.029580000000000109e+04
3.850000000000000000e+02 1.038245000000000073e+04
3.690000000000000000e+02 1.049320000000000073e+04
3.610000000000000000e+02 1.053495000000000073e+04
3.290000000000000000e+02 1.054575000000000000e+04
3.930000000000000000e+02 1.066605000000000109e+04
3.690000000000000000e+02 1.083720000000000073e+04
3.930000000000000000e+02 1.097230000000000109e+04
3.450000000000000000e+02 1.131580000000000109e+04
3.530000000000000000e+02 1.218020000000000073e+04
3.370000000000000000e+02 1.236825000000000000e+04
3.530000000000000000e+02 1.264500000000000000e+04
3.930000000000000000e+02 1.277675000000000000e+04
3.770000000000000000e+02 1.306020000000000073e+04
3.930000000000000000e+02 1.324955000000000109e+04
4.010000000000000000e+02 1.338805000000000109e+04
3.290000000000000000e+02 1.344264999999999964e+04
3.850000000000000000e+02 1.364120000000000073e+04
3.370000000000000000e+02 1.379580000000000109e+04
3.610000000000000000e+02 1.397355000000000109e+04
3.450000000000000000e+02 1.400614999999999964e+04
3.450000000000000000e+02 1.408485000000000036e+04
3.930000000000000000e+02 1.425920000000000073e+04
3.610000000000000000e+02 1.472955000000000109e+04
3.690000000000000000e+02 1.476185000000000036e+04
3.450000000000000000e+02 1.521555000000000109e+04
3.530000000000000000e+02 1.523635000000000036e+04
3.290000000000000000e+02 1.579730000000000109e+04
3.770000000000000000e+02 1.591350000000000000e+04
3.690000000000000000e+02 1.642895000000000073e+04
3.450000000000000000e+02 1.649265000000000146e+04
3.690000000000000000e+02 1.683020000000000073e+04
3.930000000000000000e+02 1.691365000000000146e+04
3.530000000000000000e+02 1.708770000000000073e+04
3.690000000000000000e+02 1.716879999999999927e+04
3.770000000000000000e+02 1.763254999999999927e+04
3.850000000000000000e+02 1.773435000000000218e+04
3.610000000000000000e+02 1.773975000000000000e+04
3.220000000000000000e+02 4.033500000000000227e+02
3.700000000000000000e+02 4.115500000000000114e+02
3.620000000000000000e+02 4.397500000000000000e+02
3.540000000000000000e+02 4.964000000000000341e+02
3.860000000000000000e+02 5.229500000000000455e+02
3.460000000000000000e+02 5.528000000000000682e+02
3.780000000000000000e+02 1.156400000000000091e+03
3.700000000000000000e+02 1.412900000000000091e+03
3.780000000000000000e+02 1.753200000000000045e+03
3.940000000000000000e+02 1.862350000000000136e+03
3.540000000000000000e+02 2.104500000000000000e+03
3.780000000000000000e+02 2.148699999999999818e+03
3.620000000000000000e+02 2.379900000000000091e+03
3.220000000000000000e+02 2.511550000000000182e+03
3.300000000000000000e+02 3.426599999999999909e+03
3.460000000000000000e+02 4.124949999999999818e+03
3.540000000000000000e+02 4.395150000000000546e+03
3.700000000000000000e+02 4.439500000000000000e+03
3.860000000000000000e+02 6.136400000000000546e+03
3.700000000000000000e+02 6.263300000000000182e+03
3.700000000000000000e+02 6.329100000000000364e+03
3.940000000000000000e+02 6.669750000000000000e+03
3.940000000000000000e+02 6.772650000000000546e+03
3.700000000000000000e+02 6.834650000000000546e+03
3.780000000000000000e+02 7.324350000000000364e+03
3.220000000000000000e+02 7.897750000000000000e+03
3.540000000000000000e+02 8.374100000000000364e+03
3.300000000000000000e+02 8.425299999999999272e+03
3.300000000000000000e+02 8.835750000000000000e+03
3.540000000000000000e+02 8.944149999999999636e+03
3.460000000000000000e+02 9.026300000000001091e+03
3.780000000000000000e+02 9.027649999999999636e+03
3.380000000000000000e+02 9.199750000000000000e+03
3.940000000000000000e+02 9.276899999999999636e+03
3.620000000000000000e+02 9.293649999999999636e+03
3.780000000000000000e+02 9.590600000000000364e+03
3.380000000000000000e+02 9.633149999999999636e+03
3.860000000000000000e+02 9.635800000000001091e+03
3.940000000000000000e+02 9.666500000000000000e+03
3.220000000000000000e+02 1.002214999999999964e+04
3.700000000000000000e+02 1.008985000000000036e+04
3.380000000000000000e+02 1.014080000000000109e+04
3.220000000000000000e+02 1.026930000000000109e+04
3.860000000000000000e+02 1.027875000000000000e+04
3.460000000000000000e+02 1.068889999999999964e+04
3.540000000000000000e+02 1.069495000000000073e+04
3.780000000000000000e+02 1.084339999999999964e+04
3.220000000000000000e+02 1.095900000000000000e+04
3.220000000000000000e+02 1.153895000000000073e+04
3.460000000000000000e+02 1.154545000000000073e+04
3.940000000000000000e+02 1.154975000000000000e+04
3.380000000000000000e+02 1.165285000000000036e+04
3.700000000000000000e+02 1.168825000000000000e+04
3.540000000000000000e+02 1.211075000000000000e+04
3.460000000000000000e+02 1.215785000000000036e+04
3.700000000000000000e+02 1.250120000000000073e+04
3.940000000000000000e+02 1.328610000000000036e+04
3.780000000000000000e+02 1.332064999999999964e+04
3.860000000000000000e+02 1.356864999999999964e+04
3.220000000000000000e+02 1.465295000000000073e+04
3.700000000000000000e+02 1.477480000000000109e+04
3.540000000000000000e+02 1.478164999999999964e+04
3.460000000000000000e+02 1.492064999999999964e+04
3.380000000000000000e+02 1.519675000000000000e+04
3.860000000000000000e+02 1.546760000000000036e+04
3.940000000000000000e+02 1.555870000000000073e+04
3.460000000000000000e+02 1.581214999999999964e+04
3.860000000000000000e+02 1.594439999999999964e+04
3.700000000000000000e+02 1.604620000000000073e+04
3.780000000000000000e+02 1.641925000000000000e+04
3.620000000000000000e+02 1.652354999999999927e+04
3.700000000000000000e+02 1.721440000000000146e+04
3.700000000000000000e+02 1.750895000000000073e+04
3.380000000000000000e+02 1.754295000000000073e+04
3.540000000000000000e+02 1.766800000000000000e+04
3.540000000000000000e+02 1.796240000000000146e+04
3.950000000000000000e+02 1.780999999999999943e+02
3.310000000000000000e+02 4.315000000000000000e+02
3.550000000000000000e+02 6.543500000000000227e+02
3.630000000000000000e+02 1.040650000000000091e+03
3.550000000000000000e+02 1.109500000000000000e+03
3.950000000000000000e+02 1.113750000000000000e+03
3.870000000000000000e+02 1.152850000000000136e+03
3.230000000000000000e+02 1.190650000000000091e+03
3.950000000000000000e+02 1.460700000000000045e+03
3.630000000000000000e+02 1.695900000000000091e+03
3.710000000000000000e+02 1.814200000000000045e+03
3.390000000000000000e+02 1.905450000000000045e+03
3.630000000000000000e+02 2.212050000000000182e+03
3.550000000000000000e+02 2.454200000000000273e+03
3.790000000000000000e+02 2.473849999999999909e+03
3.630000000000000000e+02 2.478500000000000000e+03
3.310000000000000000e+02 2.575150000000000091e+03
3.470000000000000000e+02 2.850200000000000273e+03
3.950000000000000000e+02 2.858650000000000091e+03
3.710000000000000000e+02 2.950650000000000091e+03
3.550000000000000000e+02 3.214050000000000182e+03
3.470000000000000000e+02 3.495000000000000000e+03
3.790000000000000000e+02 3.655700000000000273e+03
3.470000000000000000e+02 3.898099999999999909e+03
3.390000000000000000e+02 3.913900000000000091e+03
3.230000000000000000e+02 4.080700000000000273e+03
3.470000000000000000e+02 4.568100000000000364e+03
3.470000000000000000e+02 4.738350000000000364e+03
3.470000000000000000e+02 5.006300000000000182e+03
3.710000000000000000e+02 5.411199999999999818e+03
3.230000000000000000e+02 5.966350000000000364e+03
3.550000000000000000e+02 6.045900000000000546e+03
3.310000000000000000e+02 6.258650000000000546e+03
3.870000000000000000e+02 6.711350000000000364e+03
3.870000000000000000e+02 6.939050000000000182e+03
3.630000000000000000e+02 7.009250000000000000e+03
3.950000000000000000e+02 7.085600000000000364e+03
3.230000000000000000e+02 7.135650000000000546e+03
3.390000000000000000e+02 7.472750000000000000e+03
3.390000000000000000e+02 8.243500000000000000e+03
3.790000000000000000e+02 8.285600000000000364e+03
3.550000000000000000e+02 8.399500000000000000e+03
3.390000000000000000e+02 8.541049999999999272e+03
3.550000000000000000e+02 8.643899999999999636e+03
3.230000000000000000e+02 8.682500000000000000e+03
3.790000000000000000e+02 8.915149999999999636e+03
3.310000000000000000e+02 9.039050000000001091e+03
3.870000000000000000e+02 9.157300000000001091e+03
3.550000000000000000e+02 9.449200000000000728e+03
3.230000000000000000e+02 9.555500000000000000e+03
3.950000000000000000e+02 9.559899999999999636e+03
3.470000000000000000e+02 9.597950000000000728e+03
3.390000000000000000e+02 9.605050000000001091e+03
3.630000000000000000e+02 9.840149999999999636e+03
3.950000000000000000e+02 9.887550000000001091e+03
3.390000000000000000e+02 1.003305000000000109e+04
3.790000000000000000e+02 1.009780000000000109e+04
3.550000000000000000e+02 1.028489999999999964e+04
3.950000000000000000e+02 1.042555000000000109e+04
3.550000000000000000e+02 1.090214999999999964e+04
3.310000000000000000e+02 1.116055000000000109e+04
3.550000000000000000e+02 1.173910000000000036e+04
3.390000000000000000e+02 1.177950000000000000e+04
3.630000000000000000e+02 1.244310000000000036e+04
3.310000000000000000e+02 1.257145000000000073e+04
3.550000000000000000e+02 1.274580000000000109e+04
3.550000000000000000e+02 1.280580000000000109e+04
3.470000000000000000e+02 1.294530000000000109e+04
3.710000000000000000e+02 1.304525000000000000e+04
3.630000000000000000e+02 1.305485000000000036e+04
3.470000000000000000e+02 1.321664999999999964e+04
3.550000000000000000e+02 1.326420000000000073e+04
3.710000000000000000e+02 1.342135000000000036e+04
3.550000000000000000e+02 1.345255000000000109e+04
3.550000000000000000e+02 1.354295000000000073e+04
3.390000000000000000e+02 1.394614999999999964e+04
3.390000000000000000e+02 1.408364999999999964e+04
3.710000000000000000e+02 1.416114999999999964e+04
3.790000000000000000e+02 1.429385000000000036e+04
3.550000000000000000e+02 1.447125000000000000e+04
3.230000000000000000e+02 1.459985000000000036e+04
3.950000000000000000e+02 1.487064999999999964e+04
3.710000000000000000e+02 1.579045000000000073e+04
3.230000000000000000e+02 1.595095000000000073e+04
3.470000000000000000e+02 1.597170000000000073e+04
3.950000000000000000e+02 1.612930000000000109e+04
3.390000000000000000e+02 1.646059999999999854e+04
3.630000000000000000e+02 1.656725000000000000e+04
3.390000000000000000e+02 1.661409999999999854e+04
3.470000000000000000e+02 1.703720000000000073e+04
3.550000000000000000e+02 1.730690000000000146e+04
3.230000000000000000e+02 1.735820000000000073e+04
3.310000000000000000e+02 1.744309999999999854e+04
3.390000000000000000e+02 1.765460000000000218e+04
3.550000000000000000e+02 1.771870000000000073e+04
3.950000000000000000e+02 1.782690000000000146e+04
3.240000000000000000e+02 1.266000000000000085e+02
3.400000000000000000e+02 2.586499999999999773e+02
3.960000000000000000e+02 2.727500000000000000e+02
3.800000000000000000e+02 4.102500000000000000e+02
3.560000000000000000e+02 4.483500000000000227e+02
3.480000000000000000e+02 1.137200000000000045e+03
3.880000000000000000e+02 1.190350000000000136e+03
3.800000000000000000e+02 1.306400000000000091e+03
3.640000000000000000e+02 1.624049999999999955e+03
3.400000000000000000e+02 1.783049999999999955e+03
3.320000000000000000e+02 1.853200000000000045e+03
3.800000000000000000e+02 1.956400000000000091e+03
3.480000000000000000e+02 1.997299999999999955e+03
3.400000000000000000e+02 2.246500000000000000e+03
3.320000000000000000e+02 2.307450000000000273e+03
3.240000000000000000e+02 2.578849999999999909e+03
3.320000000000000000e+02 2.704300000000000182e+03
3.720000000000000000e+02 3.348349999999999909e+03
3.480000000000000000e+02 3.366050000000000182e+03
3.800000000000000000e+02 3.577050000000000182e+03
3.960000000000000000e+02 3.654849999999999909e+03
3.320000000000000000e+02 3.733550000000000182e+03
3.720000000000000000e+02 4.083400000000000091e+03
3.800000000000000000e+02 4.224600000000000364e+03
3.800000000000000000e+02 4.383550000000000182e+03
3.320000000000000000e+02 4.529949999999999818e+03
3.320000000000000000e+02 4.596750000000000000e+03
3.800000000000000000e+02 4.843650000000000546e+03
3.320000000000000000e+02 5.070449999999999818e+03
3.640000000000000000e+02 6.147050000000000182e+03
3.320000000000000000e+02 6.195800000000000182e+03
3.960000000000000000e+02 6.285400000000000546e+03
3.880000000000000000e+02 6.303699999999999818e+03
3.240000000000000000e+02 6.563900000000000546e+03
3.400000000000000000e+02 6.665449999999999818e+03
3.800000000000000000e+02 6.714150000000000546e+03
3.640000000000000000e+02 6.867300000000000182e+03
3.240000000000000000e+02 6.892400000000000546e+03
3.720000000000000000e+02 6.914650000000000546e+03
3.320000000000000000e+02 7.311300000000000182e+03
3.880000000000000000e+02 7.333500000000000000e+03
3.960000000000000000e+02 7.661900000000000546e+03
3.880000000000000000e+02 8.060500000000000000e+03
3.320000000000000000e+02 8.066199999999999818e+03
3.960000000000000000e+02 8.155800000000000182e+03
3.880000000000000000e+02 8.249799999999999272e+03
3.720000000000000000e+02 8.357649999999999636e+03
3.480000000000000000e+02 8.360049999999999272e+03
3.400000000000000000e+02 8.551450000000000728e+03
3.400000000000000000e+02 9.572750000000000000e+03
3.880000000000000000e+02 9.723050000000001091e+03
3.880000000000000000e+02 9.854750000000000000e+03
3.720000000000000000e+02 1.038489999999999964e+04
3.560000000000000000e+02 1.045195000000000073e+04
3.400000000000000000e+02 1.051589999999999964e+04
3.800000000000000000e+02 1.054389999999999964e+04
3.880000000000000000e+02 1.059500000000000000e+04
3.880000000000000000e+02 1.081070000000000073e+04
3.720000000000000000e+02 1.082775000000000000e+04
3.720000000000000000e+02 1.097175000000000000e+04
3.240000000000000000e+02 1.104814999999999964e+04
3.400000000000000000e+02 1.109550000000000000e+04
3.880000000000000000e+02 1.135910000000000036e+04
3.800000000000000000e+02 1.143485000000000036e+04
3.720000000000000000e+02 1.147350000000000000e+04
3.800000000000000000e+02 1.179420000000000073e+04
3.320000000000000000e+02 1.231575000000000000e+04
3.960000000000000000e+02 1.264014999999999964e+04
3.480000000000000000e+02 1.266825000000000000e+04
3.960000000000000000e+02 1.271100000000000000e+04
3.240000000000000000e+02 1.286750000000000000e+04
3.720000000000000000e+02 1.340925000000000000e+04
3.480000000000000000e+02 1.377430000000000109e+04
3.880000000000000000e+02 1.400725000000000000e+04
3.720000000000000000e+02 1.428830000000000109e+04
3.320000000000000000e+02 1.496135000000000036e+04
3.320000000000000000e+02 1.518800000000000000e+04
3.880000000000000000e+02 1.529610000000000036e+04
3.320000000000000000e+02 1.571464999999999964e+04
3.240000000000000000e+02 1.600555000000000109e+04
3.880000000000000000e+02 1.620945000000000073e+04
3.800000000000000000e+02 1.666365000000000146e+04
3.320000000000000000e+02 1.672690000000000146e+04
3.640000000000000000e+02 1.690300000000000000e+04
3.720000000000000000e+02 1.697045000000000073e+04
3.560000000000000000e+02 1.698709999999999854e+04
3.400000000000000000e+02 1.722759999999999854e+04
3.320000000000000000e+02 1.739409999999999854e+04
3.810000000000000000e+02 3.273500000000000227e+02
3.650000000000000000e+02 5.063000000000000114e+02
3.810000000000000000e+02 5.744500000000000455e+02
3.490000000000000000e+02 6.228999999999999773e+02
3.890000000000000000e+02 1.026049999999999955e+03
3.490000000000000000e+02 1.118150000000000091e+03
3.890000000000000000e+02 1.277750000000000000e+03
3.570000000000000000e+02 1.464150000000000091e+03
3.730000000000000000e+02 1.514950000000000045e+03
3.890000000000000000e+02 1.635750000000000000e+03
3.650000000000000000e+02 1.693049999999999955e+03
3.970000000000000000e+02 1.719799999999999955e+03
3.730000000000000000e+02 1.798150000000000091e+03
3.890000000000000000e+02 1.881650000000000091e+03
3.250000000000000000e+02 1.944799999999999955e+03
3.330000000000000000e+02 2.060500000000000000e+03
3.650000000000000000e+02 2.089300000000000182e+03
3.890000000000000000e+02 2.294250000000000000e+03
3.410000000000000000e+02 2.715650000000000091e+03
3.330000000000000000e+02 3.002550000000000182e+03
3.890000000000000000e+02 3.028250000000000000e+03
3.650000000000000000e+02 3.163099999999999909e+03
3.890000000000000000e+02 4.138399999999999636e+03
3.970000000000000000e+02 6.294250000000000000e+03
3.650000000000000000e+02 6.405250000000000000e+03
3.810000000000000000e+02 6.586800000000000182e+03
3.250000000000000000e+02 7.289900000000000546e+03
3.410000000000000000e+02 7.455199999999999818e+03
3.570000000000000000e+02 7.490350000000000364e+03
3.730000000000000000e+02 7.771150000000000546e+03
3.890000000000000000e+02 7.774500000000000000e+03
3.250000000000000000e+02 7.894000000000000000e+03
3.490000000000000000e+02 8.529649999999999636e+03
3.570000000000000000e+02 8.620200000000000728e+03
3.970000000000000000e+02 9.091250000000000000e+03
3.250000000000000000e+02 9.283300000000001091e+03
3.810000000000000000e+02 9.807899999999999636e+03
3.810000000000000000e+02 1.011014999999999964e+04
3.970000000000000000e+02 1.032300000000000000e+04
3.890000000000000000e+02 1.032445000000000073e+04
3.410000000000000000e+02 1.045000000000000000e+04
3.650000000000000000e+02 1.060450000000000000e+04
3.410000000000000000e+02 1.064875000000000000e+04
3.330000000000000000e+02 1.067350000000000000e+04
3.970000000000000000e+02 1.099539999999999964e+04
3.970000000000000000e+02 1.112380000000000109e+04
3.970000000000000000e+02 1.121675000000000000e+04
3.490000000000000000e+02 1.164960000000000036e+04
3.650000000000000000e+02 1.211405000000000109e+04
3.730000000000000000e+02 1.213380000000000109e+04
3.570000000000000000e+02 1.214085000000000036e+04
3.730000000000000000e+02 1.226905000000000109e+04
3.650000000000000000e+02 1.227839999999999964e+04
3.570000000000000000e+02 1.260685000000000036e+04
3.650000000000000000e+02 1.268789999999999964e+04
3.570000000000000000e+02 1.287730000000000109e+04
3.970000000000000000e+02 1.291620000000000073e+04
3.970000000000000000e+02 1.311189999999999964e+04
3.810000000000000000e+02 1.322725000000000000e+04
3.650000000000000000e+02 1.380230000000000109e+04
3.410000000000000000e+02 1.412385000000000036e+04
3.330000000000000000e+02 1.413385000000000036e+04
3.250000000000000000e+02 1.418010000000000036e+04
3.330000000000000000e+02 1.426700000000000000e+04
3.490000000000000000e+02 1.465064999999999964e+04
3.890000000000000000e+02 1.465260000000000036e+04
3.730000000000000000e+02 1.478085000000000036e+04
3.970000000000000000e+02 1.522039999999999964e+04
3.810000000000000000e+02 1.530739999999999964e+04
3.250000000000000000e+02 1.537280000000000109e+04
3.250000000000000000e+02 1.561555000000000109e+04
3.730000000000000000e+02 1.591925000000000000e+04
3.970000000000000000e+02 1.633970000000000073e+04
3.330000000000000000e+02 1.666290000000000146e+04
3.490000000000000000e+02 1.671665000000000146e+04
3.570000000000000000e+02 1.753104999999999927e+04
3.650000000000000000e+02 1.755015000000000146e+04
3.730000000000000000e+02 1.761195000000000073e+04
3.740000000000000000e+02 1.197999999999999972e+02
3.900000000000000000e+02 5.361499999999999773e+02
3.820000000000000000e+02 7.539500000000000455e+02
3.260000000000000000e+02 9.948500000000000227e+02
3.900000000000000000e+02 1.013250000000000000e+03
3.900000000000000000e+02 1.127799999999999955e+03
3.260000000000000000e+02 2.186400000000000091e+03
3.340000000000000000e+02 2.386349999999999909e+03
3.580000000000000000e+02 2.735849999999999909e+03
3.900000000000000000e+02 2.772849999999999909e+03
3.260000000000000000e+02 3.186550000000000182e+03
3.900000000000000000e+02 3.899500000000000000e+03
3.740000000000000000e+02 4.331899999999999636e+03
3.660000000000000000e+02 4.739699999999999818e+03
3.660000000000000000e+02 4.949100000000000364e+03
3.660000000000000000e+02 6.116100000000000364e+03
3.580000000000000000e+02 6.144900000000000546e+03
3.740000000000000000e+02 6.272900000000000546e+03
3.660000000000000000e+02 6.897800000000000182e+03
3.420000000000000000e+02 7.083000000000000000e+03
3.820000000000000000e+02 7.560699999999999818e+03
3.900000000000000000e+02 7.868050000000000182e+03
3.740000000000000000e+02 8.126100000000000364e+03
3.660000000000000000e+02 8.190750000000000000e+03
3.580000000000000000e+02 8.793050000000001091e+03
3.660000000000000000e+02 8.958000000000000000e+03
3.900000000000000000e+02 8.990250000000000000e+03
3.580000000000000000e+02 9.003149999999999636e+03
3.740000000000000000e+02 9.222750000000000000e+03
3.500000000000000000e+02 9.341700000000000728e+03
3.340000000000000000e+02 9.747550000000001091e+03
3.260000000000000000e+02 1.018100000000000000e+04
3.660000000000000000e+02 1.027414999999999964e+04
3.740000000000000000e+02 1.110605000000000109e+04
3.980000000000000000e+02 1.123320000000000073e+04
3.820000000000000000e+02 1.168235000000000036e+04
3.420000000000000000e+02 1.281300000000000000e+04
3.580000000000000000e+02 1.288070000000000073e+04
3.420000000000000000e+02 1.301114999999999964e+04
3.580000000000000000e+02 1.340335000000000036e+04
3.660000000000000000e+02 1.359764999999999964e+04
3.340000000000000000e+02 1.374485000000000036e+04
3.900000000000000000e+02 1.382889999999999964e+04
3.980000000000000000e+02 1.389989999999999964e+04
3.500000000000000000e+02 1.399060000000000036e+04
3.340000000000000000e+02 1.419364999999999964e+04
3.740000000000000000e+02 1.455195000000000073e+04
3.420000000000000000e+02 1.491835000000000036e+04
3.900000000000000000e+02 1.508360000000000036e+04
3.340000000000000000e+02 1.516035000000000036e+04
3.740000000000000000e+02 1.542239999999999964e+04
3.340000000000000000e+02 1.548820000000000073e+04
3.980000000000000000e+02 1.553480000000000109e+04
3.660000000000000000e+02 1.560705000000000109e+04
3.820000000000000000e+02 1.571960000000000036e+04
3.980000000000000000e+02 1.579855000000000109e+04
3.900000000000000000e+02 1.614439999999999964e+04
3.260000000000000000e+02 1.628600000000000000e+04
3.900000000000000000e+02 1.642904999999999927e+04
3.660000000000000000e+02 1.678320000000000073e+04
3.980000000000000000e+02 1.699484999999999854e+04
3.260000000000000000e+02 1.719490000000000146e+04
3.500000000000000000e+02 1.721820000000000073e+04
3.820000000000000000e+02 1.737379999999999927e+04
3.260000000000000000e+02 1.744725000000000000e+04
3.500000000000000000e+02 1.764900000000000000e+04
3.980000000000000000e+02 1.789135000000000218e+04
3.260000000000000000e+02 1.793000000000000000e+04
3.980000000000000000e+02 1.797954999999999927e+04
3.910000000000000000e+02 5.559500000000000455e+02
3.350000000000000000e+02 8.288000000000000682e+02
3.990000000000000000e+02 8.716499999999999773e+02
3.830000000000000000e+02 1.151049999999999955e+03
3.830000000000000000e+02 1.547100000000000136e+03
3.430000000000000000e+02 1.610950000000000045e+03
3.510000000000000000e+02 1.652150000000000091e+03
3.590000000000000000e+02 2.022250000000000000e+03
3.990000000000000000e+02 2.379300000000000182e+03
3.270000000000000000e+02 2.395800000000000182e+03
3.590000000000000000e+02 2.473150000000000091e+03
3.350000000000000000e+02 2.598000000000000000e+03
3.430000000000000000e+02 2.982700000000000273e+03
3.350000000000000000e+02 3.154650000000000091e+03
3.270000000000000000e+02 5.900750000000000000e+03
3.910000000000000000e+02 6.157050000000000182e+03
3.590000000000000000e+02 6.231500000000000000e+03
3.670000000000000000e+02 6.705300000000000182e+03
3.510000000000000000e+02 6.771400000000000546e+03
3.510000000000000000e+02 6.943300000000000182e+03
3.830000000000000000e+02 7.245100000000000364e+03
3.910000000000000000e+02 7.325699999999999818e+03
3.270000000000000000e+02 7.592050000000000182e+03
3.270000000000000000e+02 7.894150000000000546e+03
3.270000000000000000e+02 8.547000000000000000e+03
3.750000000000000000e+02 8.662450000000000728e+03
3.750000000000000000e+02 8.765250000000000000e+03
3.270000000000000000e+02 8.843100000000000364e+03
3.510000000000000000e+02 9.109100000000000364e+03
3.510000000000000000e+02 9.262600000000000364e+03
3.510000000000000000e+02 9.418500000000000000e+03
3.590000000000000000e+02 9.512100000000000364e+03
3.430000000000000000e+02 9.598350000000000364e+03
3.750000000000000000e+02 9.823100000000000364e+03
3.830000000000000000e+02 9.861899999999999636e+03
3.510000000000000000e+02 9.914050000000001091e+03
3.510000000000000000e+02 1.003210000000000036e+04
3.990000000000000000e+02 1.052895000000000073e+04
3.430000000000000000e+02 1.134525000000000000e+04
3.350000000000000000e+02 1.142860000000000036e+04
3.510000000000000000e+02 1.161714999999999964e+04
3.590000000000000000e+02 1.216110000000000036e+04
3.910000000000000000e+02 1.218050000000000000e+04
3.590000000000000000e+02 1.231625000000000000e+04
3.350000000000000000e+02 1.240514999999999964e+04
3.270000000000000000e+02 1.264075000000000000e+04
3.990000000000000000e+02 1.279400000000000000e+04
3.670000000000000000e+02 1.287250000000000000e+04
3.430000000000000000e+02 1.309410000000000036e+04
3.590000000000000000e+02 1.354875000000000000e+04
3.750000000000000000e+02 1.358950000000000000e+04
3.590000000000000000e+02 1.364475000000000000e+04
3.350000000000000000e+02 1.399575000000000000e+04
3.590000000000000000e+02 1.485070000000000073e+04
3.270000000000000000e+02 1.519264999999999964e+04
3.830000000000000000e+02 1.557814999999999964e+04
3.910000000000000000e+02 1.559975000000000000e+04
3.990000000000000000e+02 1.582439999999999964e+04
3.990000000000000000e+02 1.629280000000000109e+04
3.430000000000000000e+02 1.655975000000000000e+04
3.590000000000000000e+02 1.722275000000000000e+04
3.430000000000000000e+02 1.747134999999999854e+04
3.590000000000000000e+02 1.755025000000000000e+04
3.350000000000000000e+02 1.775090000000000146e+04
3.430000000000000000e+02 1.794235000000000218e+04
